-0.7596584270191045 37.86011313291755
-0.7482428197796196 37.89588922213761
-0.7190307164493106 37.912353161325825
-0.7169441376400698 37.932105025783855
-0.6821942458226715 37.96443602640076
-0.6496460021432995 37.99343815625855
-0.6409830428019063 38.10444157379004
-0.6070196580926677 38.18123654993633
-0.5291869014672841 38.18457362810773
-0.5022992219051616 38.212376668074
-0.5235263373488692 38.28572567225615
-0.493808375728122 38.32348262848552
-0.4570147089591785 38.35123255639584
-0.4074847729246187 38.35345209145444
-0.39899392674757905 38.40448261852356
-0.3049938601194242 38.48288387044195
-0.1436677827491053 38.534929972126264
-0.10545897495134682 38.522752341570396
-0.047438192739775786 38.56259874001398
-0.017720231117948515 38.61458719546883
0.07709421786265125 38.63780391142558
0.1620026796362879 38.69526056427168
0.24111526994752808 38.739340112579214
0.19866103906122135 38.8055380769197
0.130734269641664 38.836409432881965
-0.01927067949185357 38.879386514634604
-0.13248196185637084 38.961961729437434
-0.2388164110291484 39.16153515070994
-0.21900443661536428 39.186767510415876
-0.3322157189805921 39.40361052893016
-0.29966747530014004 39.43859280276072
-0.32655515486220565 39.50522911867125
-0.2770252188276743 39.555437236626574
-0.267119231620768 39.6099700898294
-0.21475901352647497 39.64266920141537
-0.13330795786319527 39.79382962697997
-0.010190688291771721 39.90139075721882
0.0572184649495 40.04259222166678
0.13080579848633533 40.068588489581856
0.18599629863928158 40.17355567972936
0.2595836321762022 40.20814847593974
0.39918399501556223 40.346955371637335
0.49737325574028546 40.490993235071755
0.5893574226611236 40.62001606946177
0.7322866666474681 40.63720032554298
0.6813415895830417 40.59208222281936
0.6473782048737746 40.59100761094945
0.5907725636901375 40.57058670431201
0.6105845381039501 40.55015956402818
0.6870021537005755 40.56306164099374
0.7575962864681571 40.63711790506554
0.8637318636844213 40.68113243008867
0.8792984150097425 40.71224711836547
0.8693924278027794 40.73691395112115
0.8410896072119556 40.7315523738711
0.7689174147038784 40.79264873880277
0.7292934658762533 40.79479145101456
0.717972337639452 40.78407719844344
0.7040161930210331 40.7999142935374
0.8073214881786441 40.885559453225
0.9134570653959599 40.98070961485365
0.9714778476075594 41.03410463295151
1.0370050995255724 41.05684245975317
1.134649830565877 41.07284699567268
1.1700283563049823 41.05790954999432
1.1961297282888665 41.0744725590188
1.2216022668216908 41.085139821817734
1.266886779767674 41.11819733352348
1.3987551350756462 41.13651457986407
1.4921544430263225 41.17487235155275
1.64640481524944 41.191913044936456
1.7539555334955708 41.21959471370545
1.848769982476142 41.233431156486205
1.941149556104989 41.261459533849035
2.0628516846475975 41.27315998541178
2.1534207105396774 41.29549138864812
2.1732326849534616 41.31462650852151
2.185968954219021 41.36775015375045
2.2312534671650326 41.41127920316407
2.265948365274653 41.46200596357906
2.376329365580517 41.49381314520838
2.479634660739208 41.54996768007635
2.7725916208644037 41.648159665425
2.81646099278052 41.68938700136417
2.9353328392634808 41.71580089338926
2.982032493239359 41.759096185701594
3.0428835575106916 41.76965158534438
3.098074057663638 41.84032796587363
3.178794870477276 41.86758873330979
3.2341051646596384 41.95787196860877
3.1936861035256925 42.02111864274954
3.221341250617172 42.057457023678126
3.1851768274982533 42.10640196010638
3.1341211713294115 42.125338250384004
3.10859334324536 42.18526583883869
3.1327455476061346 42.247495298658436
3.165387167012568 42.25772840302659
3.2073278437583213 42.22978491410933
3.2646467686431606 42.23806575662999
3.3275577837607955 42.32081441874436
3.1681832121295486 42.36214799628007
3.175698386789378 42.435940461352374
3.09142131227361 42.4260841799302
3.0317745095331077 42.473599074946236
2.945420183180488 42.4827913429134
2.6646531227673336 42.398779266081135
2.6705881280153108 42.34506673412426
2.473132975078613 42.342020081621854
2.42156197043127 42.392818138975855
2.2536155114220833 42.43802050685102
2.1191876425650946 42.41151542164906
2.1099883844314036 42.37732704046633
2.0068693347450335 42.348754468524135
1.934105030997216 42.45247121748696
1.7311523057203715 42.49552560729177
1.6675528032390616 42.49577941306953
1.5186836826562455 42.43218277897148
1.4474636196852941 42.43984816369738
1.3812125932846584 42.70373101293109
1.347679813635608 42.72815038372559
1.1650687508715976 42.71165695285541
1.098893442361458 42.78422351340805
0.6761903988630138 42.856521956493935
0.6703356064149659 42.699538810675875
-0.05177346769437463 42.696617667637184
-0.31161181795707193 42.848192916990826
-0.5491761210963091 42.78893016165
-0.7517867412825296 42.96314404189803
-1.0180249510710269 42.65514125523359
-1.281089561411818 42.536898147164266
-1.4099873843099147 42.20459199832243
-1.3024126837664198 42.04298141769348
-1.411073100641545 41.909356898746125
-1.8030359744645352 41.99155481093791
-1.854510406922799 41.96925812780728
-2.1610949245383893 41.44389474422138
-2.1268739167660726 41.19850190777126
-1.9121945646802487 41.14029727870198
-1.6095385645965337 40.951171532912184
-1.5179882314941153 40.621894315496604
-1.7689960506809257 40.39195977309288
-1.5476233086430398 40.1833610853476
-1.4339917559730964 40.19697738515134
-1.4490312261796703 40.12077609126948
-1.3681505508807845 40.015399781095994
-1.17876462976389 39.966322706870244
-1.3703673984360307 39.68959507202146
-1.49454774773983 39.563881329119766
-1.5276443800707966 39.440535700140344
-1.3732896751180022 39.34780738984719
-1.1581719801188797 39.31123575552448
-1.2553108036616152 39.057109961761455
-1.1444939807209096 38.929847724989
-0.9595641989245394 38.941546203280495
-0.9244283559837925 38.7924046311428
-0.9200698287052376 38.67528800351374
-1.0203329634145462 38.66572036721624
-1.0098926340134255 38.486455545244894
-1.0845329676299684 38.43760606935072
-1.0850087929682388 38.346050996880706
-0.9816555070039215 38.32192810205788
-0.9599932166117924 38.26144021641707
-1.0325624265175577 38.13292693993728
-1.025521248102649 38.08079575937427
-0.9277775638805963 37.95019229233834
-0.8331616775531074 37.86134783883074
-0.7596584270191045 37.86011313291755