-1.8052772495699685 41.98658582676268
-1.4107825524480404 41.90897123060125
-1.3012282169419223 42.04255623286912
-1.40800392704719 42.20486355831687
-1.2799877307133158 42.53673865211982
-1.0173850130993571 42.65438374909226
-0.7500759576855103 42.9641327862941
-1.302546697988106 43.06814859737409
-1.2725692035728855 43.121180994556596
-1.3527588383172144 43.10302175552653
-1.3527066547632387 43.032813226980295
-1.4374811024725602 43.04185939089797
-1.4550389765216494 43.102987411064504
-1.375677993199588 43.24718416987278
-1.5544374014994276 43.29366929432885
-1.5764782358098444 43.25119958924628
-1.6099101104834403 43.2512239228258
-1.625268690910076 43.3104333321665
-1.7369231406275105 43.30254298021114
-1.7845709808952108 43.37129661248841
-1.7923279148607492 43.39481820921708
-1.8681952680629195 43.37161300258364
-1.8784736148692787 43.349421907452154
-1.9208570329555243 43.332700642143806
-1.965093779212026 43.33452356188718
-1.9888043900954528 43.31521034576966
-2.016650136142573 43.32463184940613
-2.169032718010868 43.283749554665974
-2.2184286289383977 43.308496150560956
-2.331141337782981 43.299297253797334
-2.458488003141923 43.3331472712205
-2.5076352613689608 43.3756568665593
-2.6214327554000363 43.388241257081944
-2.6442265718643796 43.41505077099475
-2.6870316194299733 43.398798098320356
-2.74909134293992 43.4560214758049
-2.7980964533402073 43.42971085021139
-2.9435498291466047 43.43268525399188
-3.0416580583664086 43.36988357935567
-3.001838028299204 43.34301068371758
-3.0145012645740223 43.321789604422776
-3.0815086395459446 43.35999098357465
-3.1553787915308362 43.35080009077839
-3.1554288639927393 43.30471247698128
-3.2135815614470573 43.28558225664125
-3.338390878303329 43.29821853075069
-3.4538538257196763 43.233382833704326
-3.410722316965945 43.13161612876783
-3.254263958228421 43.20091099294356
-3.2250882009303155 43.17621787335895
-3.138133917226412 43.16679691335838
-3.1853522686150484 43.12031087673893
-3.130872147066185 43.09896025759153
-3.17726948580372 43.0119227874429
-3.065200610337399 43.006318642156145
-2.9778741897529244 42.938742315369694
-3.0174214847581027 42.90724234433327
-3.0982857997511246 42.90409866753177
-3.148497552138963 42.915991743488775
-3.145673228877797 42.93736136355284
-3.2279058703539363 42.94361139475129
-3.2891680876441 42.876965549507645
-3.205910215728835 42.82157038129537
-3.214447547753821 42.83855580130066
-3.1891450480332253 42.868357314331604
-3.1615865680680315 42.85517542392623
-3.1243332883054222 42.88905662217158
-3.101322269991414 42.87575972522063
-3.1535833455269255 42.804082438574
-3.124050540020903 42.78937706836351
-3.1523226856478743 42.751634809100466
-3.053896854692823 42.76126115602321
-2.984181833842797 42.70650741440562
-2.911283019834741 42.7000546316971
-2.8675172496462267 42.636426124990464
-2.819017741282238 42.61222449725551
-2.8430081865392935 42.571837699566345
-2.8070902050963866 42.551816549706274
-2.7578511855092813 42.62439579777549
-2.6785188310090575 42.59686171639123
-2.6963169102401707 42.519820856450536
-2.5991634433251534 42.47612584436624
-2.417576002641539 42.49121269327978
-2.375798964846723 42.461130351659534
-2.112345406262307 42.41428789737461
-2.0812875684356413 42.3433150984861
-1.9988190759207498 42.365593064629905
-1.9134170846350855 42.32972140251911
-1.8531634772018322 42.25004815945053
-1.6880228736753224 42.20762375666317
-1.6872291924869671 42.140009937821475
-1.8386923544202318 42.152260266374014
-1.9087490122387862 42.03025423797908
-1.8052772495699685 41.98658582676268