2.5434655052197286 51.08965949645565
2.3996298106156644 51.050763451738845
2.3084185373682544 51.05019574243039
2.082792170344078 51.00839759246119
1.8227558708596803 50.96264632712516
1.7307809725214724 50.942066609503485
1.6962034853988825 50.9156240195756
1.637955885701274 50.87718867612023
1.5827241973364607 50.87032162855522
1.576905437265765 50.856092348126765
1.6140283651407117 50.775929481571836
1.5634466482404719 50.697079887393244
1.5742981110105632 50.64621296092062
1.577944712494002 50.57292828697189
1.6293353349378208 50.51468073774211
1.580605195045905 50.53648115089095
1.5550087102609211 50.40512783349601
1.633276081072836 50.3592921936268
1.5529741666917403 50.36390778920838
1.5385361085973273 50.26191150285928
1.5926785380668491 50.25614260252692
1.6197497003691694 50.22209112788016
1.69283878397286 50.20361136994765
1.6747938377394007 50.17356896135121
1.5989745685475327 50.17991857785543
1.5592907712287172 50.220359047111884
1.5295124926967958 50.21112022078495
1.4934176096289775 50.188593086067925
1.4538387194564564 50.1050303626422
1.3878715114628903 50.0713533708923
1.2937390730501193 50.02347672217752
1.202032890014607 49.969205800357315
1.049230133345219 49.91807955352556
0.9574940177904239 49.91955214393329
0.9135267436798529 49.90222133083088
0.765712212559265 49.8707116489951
0.7069772782908501 49.8746558079055
0.5634656819235033 49.84548972291168
0.5274882265518102 49.82516758182149
0.36968770320515887 49.76987682407602
0.33981637209674886 49.74361143180968
0.20816012415161822 49.71681143614052
0.1633515112564794 49.68682407126818
0.148636447877891 49.64487858017921
0.09124325732622651 49.556994132476746
0.06936191674421366 49.50785751013595
0.10725373739103361 49.467363075753326
0.20504325492370867 49.453858050315944
0.3418885156810916 49.43398723413031
0.2293379516344487 49.42205956094216
0.12909707468369902 49.40059394213637
0.09134793400804142 49.375929537144174
0.02534254916372447 49.33692095602089
-0.0700431991315611 49.29790596656062
-0.20506086999137096 49.28764868131802
-0.29529302491991416 49.29529965722702
-0.38912842260808134 49.334708648394326
-0.4324640947696139 49.33530181324352
-0.534428994481857 49.3458863680726
-0.609329230603322 49.33942742745924
-0.8390445216518572 49.36065405800048
-0.9525617478999777 49.39702042487886
-1.0743642548286516 49.38937803740967
-1.12037112437784 49.36116476048906
-1.1158516019933415 49.33940734525561
-1.1555592515957187 49.362334175766364
-1.1880538778920027 49.346466917514164
-1.158266723799926 49.39700026317027
-1.2801054582661493 49.50964328478338
-1.310490148618328 49.550161158003476
-1.295849234169964 49.58662916573516
-1.26763547023981 49.58025435355481
-1.252972730516717 49.6166990135215
-1.2224089865432006 49.606401229096235
-1.266413132842814 49.691874837838384
-1.380109217171082 49.70531706617962
-1.4730002606627863 49.69424900486851
-1.4877300954166515 49.66579579596723
-1.612338690196168 49.64441129142037
-1.6966778003724698 49.672106538683494
-1.823754278208554 49.69189615806755
-1.845778659443937 49.715595023982615
-1.887298710357868 49.70769834791068
-1.941137973280263 49.72902503509454
-1.9435632404493788 49.67922825510158
-1.875036820105521 49.65870679065986
-1.8466127896427622 49.63343837385037
-1.8384856586463627 49.568450836483095
-1.8845453180794038 49.54505315858066
-1.887255816081563 49.525117078000505
-1.8511217763313255 49.50985454854276
-1.8447893330742602 49.47759146639979
-1.8240160378410053 49.44763791677707
-1.8122954726273122 49.37769870405276
-1.710489491572531 49.32443457650936
-1.604778148962481 49.197071243596014
-1.5939381726889224 49.13976701687946
-1.6056881739296216 49.10842811121975
-1.6102057759945865 49.057538730480275
-1.578437342243376 48.99713034027201
-1.553152329035754 49.03384434094701
-1.582967012775299 48.85285798013899
-1.6046523545062712 48.8385870907357
-1.571226279251647 48.81241665726262
-1.5684930346703823 48.739774025764206
-1.5306038163323592 48.731451925075504
-1.5010282259945882 48.683547013363295
-1.4813248355111739 48.68516132325567
-1.4438657897846952 48.65620910027434
-1.3842621592754938 48.67767656926878
-1.3995236635944934 48.65522883744737
-1.3522694515239095 48.63633446990815
-1.4231719468486972 48.64220842556125
-1.4473309859066035 48.62429278400643
-1.5595062959089603 48.61936113554091
-1.4231396085269807 48.44326935905039
-1.2564998352048917 48.538012227934956
-1.0783277398797964 48.507499936720876
-0.857515509474382 48.50210072069822
-0.7590110324991031 48.43681894135344
-0.6636683088617588 48.485014821256954
-0.6477997616628102 48.444325789790355
-0.45750844732626206 48.51463782568254
-0.3438732384218781 48.48896664861985
-0.23269717324899375 48.569891565900406
-0.14549466642969833 48.52979154746001
-0.14236060226616587 48.45032851447024
-0.04872517990241931 48.458434930419486
-0.04894495524632703 48.38150852077936
0.03980523309328987 48.377945015907585
0.15356895138066307 48.451086134676416
0.2704165761821571 48.482983448210405
0.36265765640735026 48.4564686092109
0.3984411842329507 48.32157934789703
0.4961047934061753 48.30157532229464
0.5354242304752859 48.25318119636859
0.6092257420943668 48.24212272634662
0.6625005140630549 48.26734835166636
0.7485773709728107 48.17861621361959
0.8336399572020241 48.210280942770595
0.7844367225226847 48.26573811577893
0.8064769185489808 48.29146469663439
0.7519861123116982 48.303481668941174
0.7891877276350385 48.34627528251448
0.9030508837852267 48.36190352030357
0.9801939651154328 48.43852307612241
0.9401072558801786 48.464425328715635
0.966314988710252 48.52111704818026
0.8594410907957979 48.57029409599227
0.8100874581227231 48.66004704539816
0.8764954620694709 48.71440425282481
1.1167727684196507 48.7496709783544
1.1250850411219062 48.790673240451696
1.269727233159216 48.754748138569965
1.377899394915488 48.78424982390911
1.3551247633764376 48.82574519081311
1.4787723948686846 48.87875827454934
1.4459093629670292 48.927290859637424
1.5120718865078118 48.94070547316437
1.4472363834078692 49.057897594187864
1.6193448467728047 49.0777324546649
1.7033117578750705 49.234324625226805
1.8797622817931199 49.159948817369894
2.0774242902858475 49.207929302592845
2.2246304338266327 49.15346440533892
2.3137792758970477 49.18055977709906
2.589879498442855 49.079253952105006
2.6331938455414843 49.10607676435774
2.7305002510758243 49.05707205318791
2.8035717608250934 49.094215803031005
3.054077986716351 49.086176838630735
3.0715431382136558 49.117739832820575
3.167861636968013 49.10022842244385
3.175032041871731 49.01953577657633
3.2559988731646285 48.93867911223538
3.306328072827654 48.948788620151646
3.32787074101833 48.90896584205751
3.3729997640277247 48.92583888657094
3.379192064764169 48.87048198115366
3.476859513423136 48.85749197508244
3.6808041177438326 49.014323087704156
3.657092296913447 49.040680061631605
3.592654176657959 49.03347563239649
3.588408891202704 49.057624786603014
3.642175226733116 49.07927598192987
3.607682834549678 49.11962597502759
3.617411527516026 49.145766420838186
3.7508003590873216 49.156263669524236
3.7468766385910897 49.17512577260251
3.657008936792323 49.21737263676778
3.640344141225512 49.314326506260244
3.803497012188302 49.358206762691054
3.854691266119346 49.34563411188404
3.856417708687758 49.38416137251875
3.8223550334863603 49.4019847682093
3.92451591724938 49.40715824880499
4.0109607588909455 49.358578977472575
4.033552314996626 49.3590977516227
4.038922380811812 49.507456203456115
4.076073383070252 49.519891459744
4.074592741954461 49.56619140125005
4.023848584911633 49.62171202614522
4.044333517152722 49.63662655034145
4.114218612441476 49.63028880195185
4.128234545655175 49.67932530927436
4.248262234866047 49.75729920825145
4.213265456891406 49.806459204547195
4.230525070890451 49.84765622131505
4.2484044640034995 49.85549005662057
4.25448123079542 49.903460262012146
4.215939873575849 49.913275407864546
4.223659268766454 49.94242350689191
4.233053247780191 49.95962468324268
4.2050128315782445 49.95746194152227
4.144701997100185 49.977743503782506
4.1598253218271 50.044708879770894
4.231207131518431 50.068557872745885
4.199526687586712 50.13204031873343
4.130958546554382 50.13556271895558
4.1611968871173985 50.212023898205786
4.220267886260643 50.25288628433714
4.205728582199981 50.27320499954769
4.15681947659283 50.28284219935276
4.171963222215169 50.25992535505921
4.136554017381059 50.257763460552866
4.123400539732785 50.294640873469206
4.07990029519317 50.31710537495783
4.025778844165188 50.35644831771137
3.9681291329142994 50.34858953042192
3.8877887258108217 50.328867959960405
3.8575905754507573 50.345496521850094
3.8109749249937863 50.35173584197784
3.74205866523684 50.34722451962506
3.7353244753714137 50.31129581425671
3.716040283011978 50.30248033475064
3.690128988798108 50.317385827481615
3.6599702772992657 50.37078747980965
3.6723339768404912 50.43643645525236
3.609060287726038 50.49517481947251
3.5732724279044987 50.50207332271896
3.541141257425579 50.49620213361618
3.499207201558221 50.488128500353326
3.5006189399977643 50.501210828390754
3.515674203930331 50.52481627515809
3.473003601637032 50.531795660181814
3.4442046538629256 50.50906151170875
3.376949650768154 50.49334243972183
3.283652456216174 50.533506890489235
3.2423657605005474 50.669459154097865
3.2629919811789136 50.679901489660864
3.2478496414579467 50.71299766148206
3.2053231350237468 50.71298969326338
3.19436274979671 50.726048643191405
3.1971632898816154 50.73819995371858
3.151748194430837 50.78946242200749
3.11461451151186 50.79640085706586
3.0981466039456507 50.77642510741174
3.0624447252998266 50.7772928129217
3.0198733203390304 50.77122866758506
2.9552499307442304 50.75209829613496
2.9305173564633265 50.72602111103842
2.9250280543774068 50.70775289565955
2.912752530892817 50.69128404405973
2.8695303531475247 50.70514954194914
2.8509461225721395 50.72168274856969
2.822113767079088 50.7169012435198
2.791236412198714 50.72428084779321
2.780966657836416 50.74905424262579
2.723940624040239 50.808983722031485
2.672425607464959 50.818959544817375
2.6346740774966975 50.81376291455706
2.60308796649241 50.849311085316685
2.6134112197011348 50.867507190835795
2.59419620714894 50.9194679514213
2.6326942401302063 50.947166229914785
2.5762745113594008 51.004264835461555
2.5434655052197286 51.08965949645565