9.559999 47.239998 -0.000000
9.559999 47.259998 -0.000000
9.559999 47.279999 -0.000000
9.599999 47.199997 -0.000000
9.583999 47.223999 -0.000000
9.584000 47.295998 -0.000000
9.599999 47.480000 -0.000000
9.820000 47.039997 -0.000000
9.880000 46.959999 -0.000000
9.880000 46.980000 -0.000000
9.863999 47.023998 -0.000000
9.920000 46.919998 -0.000000
9.903999 46.944000 -0.000000
9.639999 47.079998 -0.000000
9.639999 47.099998 -0.000000
9.639999 47.139999 -0.000000
9.624001 47.183998 -0.000000
9.599998 47.320000 -0.000000
9.624000 47.335999 -0.000000
9.660000 47.079998 -0.000000
9.802500 47.142494 -0.000000
9.664000 47.375999 -0.000000
9.700000 47.079998 -0.000000
9.721251 47.302498 -0.000000
9.740000 47.079998 -0.000000
9.783999 47.063999 -0.000000
9.942500 47.279999 -0.000000
9.931250 47.413750 -0.000000
9.639999 47.360001 -0.000000
9.640000 47.439999 -0.000000
9.624000 47.464001 -0.000000
9.620000 47.480000 -0.000000
9.664000 47.424000 -0.000000
9.664000 47.495998 -0.000000
9.679999 47.520000 -0.000000
9.700000 47.520000 -0.000000
9.744000 47.535999 -0.000000
9.759999 47.559998 -0.000000
9.790000 47.560001 -0.000000
9.800000 47.560001 -0.000000
9.895999 47.535999 -0.000000
9.860000 47.559998 -0.000000
9.880000 47.559998 -0.000000
9.940000 46.919998 -0.000000
9.980000 46.919998 -0.000000
10.040000 46.879997 -0.000000
10.023999 46.903999 -0.000000
10.059999 46.879997 -0.000000
10.164999 46.997498 -0.000000
10.129999 46.879997 -0.000000
10.239999 46.879997 -0.000000
10.079999 47.159996 -0.000000
10.087500 47.320000 -0.000000
10.176001 47.256001 -0.000000
10.176002 47.375999 -0.000000
10.315624 47.167496 -0.000000
10.176001 47.303997 -0.000000
10.224000 47.256001 -0.000000
10.239999 47.279999 -0.000000
10.200000 47.319996 -0.000000
10.200000 47.340000 -0.000000
9.940000 47.520000 -0.000000
10.000004 47.480000 -0.000000
9.976000 47.495998 -0.000000
9.960000 47.520000 -0.000000
10.016001 47.456001 -0.000000
10.059999 47.439999 -0.000000
10.096003 47.415997 -0.000000
10.080000 47.439999 -0.000000
10.139999 47.399998 -0.000000
10.255999 46.903999 -0.000000
10.280000 46.919998 -0.000000
10.296000 46.944000 -0.000000
10.335996 46.983994 -0.000000
10.320000 46.959999 -0.000000
10.380005 47.000000 -0.000000
10.419994 47.000000 -0.000000
10.480000 46.879997 -0.000000
10.480000 46.959999 -0.000000
10.464000 46.983997 -0.000000
10.540625 47.111252 -0.000000
10.500000 46.879997 -0.000000
10.504000 46.896000 -0.000000
10.540000 46.879997 -0.000000
10.504000 46.944000 -0.000000
10.300000 47.279999 -0.000000
10.344000 47.295998 -0.000000
10.384001 47.335999 -0.000000
10.560000 47.279999 -0.000000
10.463999 47.375999 -0.000000
10.400000 47.360001 -0.000000
10.420000 47.360001 -0.000000
10.440000 47.520000 -0.000000
10.440000 47.543755 -0.000000
10.440000 47.559998 -0.000000
10.479998 47.419998 -0.000000
10.480000 47.459999 -0.000000
10.464000 47.504002 -0.000000
10.460000 47.559998 -0.000000
10.500000 47.559998 -0.000000
10.599998 47.559998 -0.000000
10.600000 46.879997 -0.000000
10.660000 46.879997 -0.000000
10.743750 47.047501 -0.000000
10.719999 46.840000 -0.000000
10.703999 46.863998 -0.000000
10.759999 46.799999 -0.000000
10.743994 46.824001 -0.000000
10.780000 46.799999 -0.000000
10.820000 46.799999 -0.000000
10.860000 46.799999 -0.000000
10.585000 47.400002 -0.000000
10.720000 47.279999 -0.000000
10.757500 47.389999 -0.000000
10.877501 47.297501 -0.000000
10.615997 47.535999 -0.000000
10.720000 47.480000 -0.000000
10.660000 47.520000 -0.000000
10.700000 47.520000 -0.000000
10.740000 47.520000 -0.000000
10.780000 47.520000 -0.000000
10.820000 47.520000 -0.000000
10.896001 47.495998 -0.000000
10.860000 47.520000 -0.000000
10.900000 46.799999 -0.000000
11.040000 46.820000 -0.000000
10.918437 47.086872 -0.000000
10.940000 46.799999 -0.000000
10.980000 46.799999 -0.000000
11.066874 47.003750 -0.000000
11.020000 46.799999 -0.000000
11.056001 46.863998 -0.000000
11.040000 46.799999 -0.000000
11.095999 46.903999 -0.000000
11.080000 46.879997 -0.000000
11.120000 46.919998 -0.000000
11.136001 46.944000 -0.000000
11.179999 46.959999 -0.000000
11.268750 47.134998 -0.000000
11.040000 47.279999 -0.000000
10.979995 47.399998 -0.000000
11.108749 47.337502 -0.000000
11.097500 47.182495 -0.000000
10.880000 47.520000 -0.000000
10.936000 47.416000 -0.000000
10.920000 47.459999 -0.000000
10.920000 47.480000 -0.000000
11.020000 47.399998 -0.000000
11.059999 47.399998 -0.000000
11.099999 47.399998 -0.000000
11.139999 47.399998 -0.000000
11.179999 47.399998 -0.000000
11.219999 46.959999 -0.000000
11.256000 46.983997 -0.000000
11.240005 46.959999 -0.000000
11.300000 46.999996 -0.000000
11.340000 47.000000 -0.000000
11.380000 47.000000 -0.000000
11.415998 47.023998 -0.000000
11.400000 47.000000 -0.000000
11.460000 47.039997 -0.000000
11.500000 47.039997 -0.000000
11.282499 47.376251 -0.000000
11.455000 47.299999 -0.000000
11.219999 47.399998 -0.000000
11.264000 47.416000 -0.000000
11.280000 47.439999 -0.000000
11.300000 47.439999 -0.000000
11.383995 47.455997 -0.000000
11.340000 47.439999 -0.000000
11.399999 47.480000 -0.000000
11.420000 47.480000 -0.000000
11.504999 47.464996 -0.000000
11.464000 47.495998 -0.000000
11.480000 47.520000 -0.000000
11.500000 47.520000 -0.000000
11.540000 47.039997 -0.000000
11.600000 47.000000 -0.000000
11.584001 47.023998 -0.000000
11.660000 47.000000 -0.000000
11.700000 47.000000 -0.000000
11.740000 47.000000 -0.000000
11.815999 47.023998 -0.000000
11.780000 47.000000 -0.000000
11.800000 47.000000 -0.000000
11.607500 47.142498 -0.000000
11.631874 47.411247 -0.000000
11.629999 47.320000 -0.000000
11.777500 47.279999 -0.000000
11.540000 47.520000 -0.000000
11.599999 47.559998 -0.000000
11.584001 47.535999 -0.000000
11.620000 47.559998 -0.000000
11.660000 47.559998 -0.000000
11.800000 47.499996 -0.000000
11.700000 47.559998 -0.000000
11.740000 47.559998 -0.000000
11.780000 47.559998 -0.000000
11.820000 47.559998 -0.000000
11.860000 47.039997 -0.000000
11.940437 47.039997 -0.000000
11.960000 47.039997 -0.000000
12.159999 47.000000 -0.000000
11.948125 47.308750 -0.000000
11.976001 47.063999 -0.000000
12.020000 47.079998 -0.000000
12.059999 47.079998 -0.000000
12.107500 47.164997 -0.000000
12.126249 47.322502 -0.000000
12.120001 47.079998 -0.000000
12.136000 47.104000 -0.000000
11.860000 47.559998 -0.000000
11.900000 47.559998 -0.000000
12.035625 47.476250 -0.000000
11.940000 47.559998 -0.000000
11.980000 47.559998 -0.000000
12.020000 47.559998 -0.000000
12.059999 47.560001 -0.000000
12.104002 47.576000 -0.000000
12.119999 47.599998 -0.000000
12.139999 47.599998 -0.000000
12.460001 46.719997 -0.000000
12.200000 46.919998 -0.000000
12.199998 46.940002 -0.000000
12.183999 46.983997 -0.000000
12.184000 47.015999 -0.000000
12.240000 46.879997 -0.000000
12.224001 46.903999 -0.000000
12.280000 46.840000 -0.000000
12.263997 46.864002 -0.000000
12.319998 46.799999 -0.000000
12.304000 46.823997 -0.000000
12.338124 47.089996 -0.000000
12.360000 46.759998 -0.000000
12.343999 46.784000 -0.000000
12.384000 46.743999 -0.000000
12.590624 47.050003 -0.000000
12.200000 47.040001 -0.000000
12.179999 47.119999 -0.000000
12.224000 47.056000 -0.000000
12.224000 47.104000 -0.000000
12.355312 47.329376 -0.000000
12.553750 47.269997 -0.000000
12.184000 47.615997 -0.000000
12.200000 47.660000 -0.000000
12.223998 47.695999 -0.000000
12.290625 47.569996 -0.000000
12.268930 47.719997 -0.000000
12.496001 47.615997 -0.000000
12.455999 47.655998 -0.000000
12.380000 47.680000 -0.000000
12.200000 47.680000 -0.000000
12.240000 47.719997 -0.000000
12.320001 47.719997 -0.000000
12.335999 47.695999 -0.000000
12.440000 47.680000 -0.000000
12.520000 46.680000 -0.000000
12.504001 46.703999 -0.000000
12.540000 46.680000 -0.000000
12.580000 46.680000 -0.000000
12.642500 46.799999 -0.000000
12.620000 46.680000 -0.000000
12.660000 46.679996 -0.000000
12.720001 46.639999 -0.000000
12.704002 46.663998 -0.000000
12.740000 46.639999 -0.000000
12.799999 46.639999 -0.000000
12.812813 46.788124 -0.000000
12.856249 47.002502 -0.000000
12.723125 47.261250 -0.000000
12.480000 47.639999 -0.000000
12.544000 47.615997 -0.000000
12.559999 47.639999 -0.000000
12.580000 47.639999 -0.000000
12.620000 47.639999 -0.000000
12.660000 47.639999 -0.000000
12.876875 47.424999 -0.000000
12.700000 47.639999 -0.000000
12.788585 47.639999 -0.000000
12.740000 47.639999 -0.000000
12.776000 47.535999 -0.000000
12.776000 47.584000 -0.000000
12.759999 48.119999 -0.000000
12.799999 48.079998 -0.000000
12.783999 48.104000 -0.000000
12.780000 48.119999 -0.000000
12.860000 46.639999 -0.000000
12.904002 46.623993 -0.000000
12.980000 46.599998 -0.000000
13.023749 46.715000 -0.000000
13.020000 46.599998 -0.000000
13.059999 46.599998 -0.000000
13.099999 46.599998 -0.000000
13.277813 46.728127 -0.000000
13.165312 47.033127 -0.000000
12.901562 47.195621 -0.000000
13.073750 47.385002 -0.000000
13.157499 47.214996 -0.000000
12.820001 47.520000 -0.000000
12.800000 47.599998 -0.000000
12.800000 47.639999 -0.000000
12.860000 47.520000 -0.000000
12.896000 47.495998 -0.000000
12.880000 47.520000 -0.000000
12.940000 47.480000 -0.000000
12.976000 47.455997 -0.000000
12.960000 47.480000 -0.000000
13.023999 47.455997 -0.000000
13.040000 47.500000 -0.000000
13.063999 47.535999 -0.000000
13.080000 47.579998 -0.000000
13.080000 47.680000 -0.000000
13.103999 47.615997 -0.000000
13.080000 47.599998 -0.000000
13.103999 47.663994 -0.000000
12.880005 47.999996 -0.000000
12.919999 47.959999 -0.000000
12.903999 47.983997 -0.000000
12.959999 47.760014 -0.000000
12.943999 47.944000 -0.000000
12.989374 48.056252 -0.000000
12.980000 47.759998 -0.000000
12.983992 47.776009 -0.000000
13.000000 47.860001 -0.000000
12.983999 47.903999 -0.000000
13.039999 47.719997 -0.000000
13.023999 47.743999 -0.000000
13.064000 47.703999 -0.000000
12.999989 47.819996 -0.000000
12.839999 48.039997 -0.000000
12.823999 48.063999 -0.000000
12.823998 48.135998 -0.000000
12.839999 48.160000 -0.000000
12.863999 48.023998 -0.000000
12.860000 48.160000 -0.000000
12.903999 48.175999 -0.000000
12.920000 48.200001 -0.000000
12.940000 48.200001 -0.000000
12.984001 48.216000 -0.000000
13.000000 48.239998 -0.000000
13.039999 48.239998 -0.000000
13.099995 48.239998 -0.000000
13.139999 46.599998 -0.000000
13.179999 46.599998 -0.000000
13.219999 46.599998 -0.000000
13.259999 46.599998 -0.000000
13.304000 46.584000 -0.000000
13.344196 46.559998 -0.000000
13.556562 46.629997 -0.000000
13.420000 46.559998 -0.000000
13.332500 46.919998 -0.000000
13.366249 47.139999 -0.000000
13.184999 47.290001 0.000000
13.253124 47.348751 -0.000000
13.477501 47.345001 -0.000000
13.343124 47.478745 -0.000000
13.538750 47.652500 -0.000000
13.220156 48.162811 -0.000000
13.158437 47.879372 -0.000000
13.403749 47.770000 -0.000000
13.353750 48.022499 -0.000000
13.143999 48.256001 -0.000000
13.159999 48.279999 -0.000000
13.179999 48.279999 -0.000000
13.219999 48.279999 -0.000000
13.259999 48.279999 -0.000000
13.304001 48.295998 -0.000000
13.422656 48.185310 -0.000000
13.320000 48.320000 -0.000000
13.340000 48.320000 -0.000000
13.384000 48.335999 -0.000000
13.400000 48.379997 -0.000000
13.400000 48.399998 -0.000000
13.424000 48.416000 -0.000000
13.440000 48.459999 -0.000000
13.440000 48.544281 -0.000000
13.440000 48.559998 -0.000000
13.460000 46.559998 -0.000000
13.500000 46.559998 -0.000000
13.540000 46.559998 -0.000000
13.573126 46.829998 -0.000000
13.580000 46.559998 -0.000000
13.620000 46.559998 -0.000000
13.660000 46.559998 -0.000000
13.700000 46.559998 -0.000000
13.759998 46.520000 -0.000000
13.743998 46.543999 -0.000000
13.841874 46.841248 -0.000000
13.563126 47.071251 -0.000000
13.791875 47.171249 -0.000000
13.492500 47.234997 -0.000000
13.670000 47.279999 -0.000000
13.732813 47.399376 -0.000000
13.535000 47.479996 -0.000000
13.736250 47.645000 -0.000000
13.562500 47.891247 -0.000000
13.732500 47.860001 -0.000000
13.578125 48.289997 -0.000000
13.701250 48.080002 -0.000000
13.887812 48.216873 -0.000000
13.518749 48.459999 -0.000000
13.460000 48.559998 -0.000000
13.500000 48.559998 -0.000000
13.540000 48.559998 -0.000000
13.580000 48.559998 -0.000000
13.701250 48.392502 -0.000000
13.616000 48.535999 -0.000000
13.679999 48.520000 -0.000000
13.660000 48.520000 -0.000000
13.696000 48.495998 -0.000000
13.743999 48.495998 -0.000000
13.780000 46.520000 -0.000000
13.820000 46.520000 -0.000000
13.865000 46.599998 -0.000000
13.860000 46.520000 -0.000000
13.900000 46.520000 -0.000000
13.940000 46.520000 -0.000000
14.042187 46.680626 -0.000000
13.980004 46.520000 -0.000000
14.039999 46.480000 -0.000000
14.023996 46.504002 -0.000000
14.080000 46.480000 -0.000000
14.034061 47.083122 -0.000000
13.992188 47.345627 -0.000000
13.953750 47.678749 -0.000000
13.937500 47.956249 -0.000000
13.759998 48.520000 -0.000000
13.783998 48.535999 -0.000000
13.799999 48.580002 -0.000000
13.799999 48.599998 -0.000000
13.878750 48.462498 -0.000000
13.823999 48.615997 -0.000000
13.939687 48.593124 -0.000000
13.839999 48.660000 -0.000000
13.839999 48.720001 -0.000000
13.839999 48.759998 -0.000000
13.856003 48.735996 -0.000000
13.900000 48.719997 -0.000000
13.936000 48.695999 -0.000000
13.920000 48.719997 -0.000000
14.015999 48.656006 -0.000000
13.980000 48.680000 -0.000000
14.000003 48.680000 -0.000000
14.059999 48.639999 -0.000000
14.139999 46.480000 -0.000000
14.190000 46.519997 -0.000000
14.179999 46.480000 -0.000000
14.219999 46.480000 -0.000000
14.239999 46.480000 -0.000000
14.299999 46.479996 -0.000000
14.369999 46.605000 -0.000000
14.359997 46.439999 -0.000000
14.343999 46.463997 -0.000000
14.104375 46.881248 -0.000000
14.239999 47.000000 -0.000000
14.355312 46.834373 -0.000000
14.193749 47.400002 -0.000000
14.246874 47.168747 -0.000000
14.389376 47.259998 -0.000000
14.234999 47.597496 -0.000000
14.423750 47.667503 -0.000000
14.488438 47.500622 -0.000000
14.148748 47.755001 -0.000000
14.183749 47.983749 -0.000000
14.306874 47.808746 -0.000000
14.462500 48.000000 -0.000000
14.125000 48.239998 -0.000000
14.297188 48.326874 -0.000000
14.375000 48.169998 -0.000000
14.207187 48.479374 -0.000000
14.120000 48.639999 -0.000000
14.136000 48.615997 -0.000000
14.215997 48.576004 -0.000000
14.179999 48.599998 -0.000000
14.200000 48.599998 -0.000000
14.260004 48.559998 -0.000000
14.299999 48.559998 -0.000000
14.384004 48.576004 -0.000000
14.340000 48.559998 -0.000000
14.400000 48.599998 -0.000000
14.099999 48.639999 -0.000000
14.420000 46.439999 -0.000000
14.490000 46.489998 -0.000000
14.460000 46.439999 -0.000000
14.517500 46.770000 -0.000000
14.500000 46.439999 -0.000000
14.540000 46.439999 -0.000000
14.580000 46.439999 -0.000000
14.600000 46.439999 -0.000000
14.616000 46.463997 -0.000000
14.667500 46.638748 -0.000000
14.660000 46.480000 -0.000000
14.680000 46.480000 -0.000000
14.696000 46.503998 -0.000000
14.458125 47.018749 -0.000000
14.656250 47.057503 -0.000000
14.707500 46.899998 -0.000000
14.580313 47.246872 -0.000000
14.747499 47.458748 -0.000000
14.581249 47.766251 -0.000000
14.775312 47.919998 -0.000000
14.582500 48.159996 -0.000000
14.531250 48.431248 -0.000000
14.753750 48.254997 -0.000000
14.420000 48.599998 -0.000000
14.535999 48.615997 -0.000000
14.464000 48.615997 -0.000000
14.520000 48.639999 -0.000000
14.580001 48.599998 -0.000000
14.687500 48.564995 -0.000000
14.660000 48.599998 -0.000000
14.700000 48.599998 -0.000000
14.480000 48.639999 -0.000000
14.740000 46.520000 -0.000000
14.831875 46.768753 -0.000000
14.760001 46.520000 -0.000000
14.776000 46.543999 -0.000000
14.820001 46.559998 -0.000000
14.839999 46.559998 -0.000000
14.855999 46.584000 -0.000000
14.900000 46.599998 -0.000000
14.935999 46.624001 -0.000000
14.920000 46.599998 -0.000000
14.987499 46.690002 -0.000000
14.980000 46.639999 -0.000000
15.070000 46.639999 -0.000000
14.877501 47.020000 -0.000000
15.039062 46.918747 -0.000000
14.794218 47.227810 -0.000000
14.924376 47.478748 -0.000000
15.019375 47.156250 -0.000000
15.144687 47.345627 -0.000000
14.798750 47.660000 -0.000000
14.990000 47.687500 -0.000000
15.011874 47.931248 -0.000000
15.002501 48.209999 -0.000000
14.834999 48.400002 -0.000000
14.891249 48.619373 -0.000000
14.743999 48.615997 -0.000000
15.048750 48.470001 -0.000000
14.759999 48.660000 -0.000000
14.759999 48.680000 -0.000000
14.783999 48.695999 -0.000000
14.799999 48.719997 -0.000000
14.823994 48.735996 -0.000000
14.839999 48.759998 -0.000000
14.860000 48.759998 -0.000000
14.900000 48.759998 -0.000000
14.940000 48.759998 -0.000000
14.983999 48.775997 -0.000000
15.000000 48.820000 -0.000000
15.000000 48.860001 -0.000000
15.000000 48.899998 -0.000000
15.000000 48.939999 -0.000000
15.034999 48.919998 -0.000000
15.000000 48.980000 -0.000000
15.000000 49.000000 -0.000000
15.020000 49.000000 -0.000000
15.135997 46.663994 -0.000000
15.120000 46.639999 -0.000000
15.179999 46.680000 -0.000000
15.282499 46.764999 -0.000000
15.219999 46.680000 -0.000000
15.259999 46.680000 -0.000000
15.299999 46.680000 -0.000000
15.463811 46.680000 -0.000000
15.209999 47.013748 -0.000000
15.425625 46.970001 -0.000000
15.421719 47.315937 -0.000000
15.164375 47.731251 -0.000000
15.203125 47.563747 -0.000000
15.436251 47.577499 -0.000000
15.243124 48.025002 -0.000000
15.403125 47.821251 -0.000000
15.292500 48.250000 -0.000000
15.259999 48.459999 -0.000000
15.261250 48.649998 -0.000000
15.420626 48.368752 -0.000000
15.173437 48.843124 -0.000000
15.415996 48.936005 -0.000000
15.056000 48.975998 -0.000000
15.040000 49.000000 -0.000000
15.099999 48.959999 -0.000000
15.139999 48.959999 -0.000000
15.179999 48.959999 -0.000000
15.219999 48.959999 -0.000000
15.259999 48.959999 -0.000000
15.299999 48.959999 -0.000000
15.339999 48.959999 -0.000000
15.495999 46.703999 -0.000000
15.480000 46.680000 -0.000000
15.540000 46.719997 -0.000000
15.811636 46.719997 -0.000000
15.538750 46.832497 -0.000000
15.615000 47.139999 -0.000000
15.682500 46.970001 -0.000000
15.618750 47.349998 -0.000000
15.694063 47.576874 -0.000000
15.686563 47.754379 -0.000000
15.529375 47.951248 -0.000000
15.705000 47.919998 -0.000000
15.485001 48.159996 -0.000000
15.694062 48.114372 -0.000000
15.618750 48.290001 -0.000000
15.471875 48.533745 -0.000000
15.717501 48.533745 -0.000000
15.399998 48.959999 -0.000000
15.572187 48.798126 -0.000000
15.460000 48.919998 -0.000000
15.500000 48.919998 -0.000000
15.536000 48.896000 -0.000000
15.520000 48.919998 -0.000000
15.580000 48.880001 -0.000000
15.620000 48.879997 -0.000000
15.656000 48.855999 -0.000000
15.640000 48.879997 -0.000000
15.740000 46.719997 -0.000000
15.800001 46.680000 -0.000000
15.783999 46.703999 -0.000000
15.820000 46.680000 -0.000000
15.860000 46.680000 -0.000000
15.910000 46.720001 -0.000000
15.900000 46.680000 -0.000000
15.940000 46.680000 -0.000000
15.980000 46.680000 -0.000000
16.000000 46.692184 -0.000000
15.944688 46.896873 -0.000000
15.833750 47.077499 -0.000000
16.000000 46.779999 -0.000000
16.002501 47.080002 -0.000000
15.879999 47.239998 -0.000000
15.856249 47.407501 -0.000000
15.898750 47.690002 -0.000000
15.892500 47.939999 -0.000000
15.906250 48.180000 -0.000000
15.815001 48.684998 -0.000000
15.896250 48.389999 -0.000000
16.000000 48.561249 -0.000000
15.974352 48.759998 -0.000000
15.700000 48.840000 -0.000000
15.819994 48.800007 -0.000000
15.776002 48.816002 -0.000000
15.760003 48.840000 -0.000000
15.860000 48.799999 -0.000000
15.879083 48.799999 -0.000000
15.936000 48.775997 -0.000000
15.980000 48.759998 -0.000000
16.000000 46.680000 -0.000000
16.015999 46.823997 -0.000000
16.039999 46.840000 -0.000000
16.056000 46.863998 -0.000000
16.100000 46.879997 -0.000000
16.139999 47.065002 -0.000000
16.119999 46.879997 -0.000000
16.136000 46.903999 -0.000000
16.160000 46.919998 -0.000000
16.176001 46.944000 -0.000000
16.219999 46.959999 -0.000000
16.256001 46.983997 -0.000000
16.327499 47.118748 -0.000000
16.300005 47.000000 -0.000000
16.080000 47.320000 -0.000000
16.314999 47.249996 -0.000000
16.299999 47.400002 -0.000000
16.062500 47.627502 -0.000000
16.240000 47.626251 -0.000000
16.139999 47.839996 -0.000000
16.160000 48.079998 -0.000000
16.320000 47.799999 -0.000000
16.080000 48.340000 -0.000000
16.320000 48.325001 -0.000000
16.226250 48.651249 -0.000000
16.259998 48.504997 -0.000000
16.056005 48.735996 -0.000000
16.039999 48.759998 -0.000000
16.099995 48.719997 -0.000000
16.139999 48.719997 -0.000000
16.180000 48.719997 -0.000000
16.219999 48.719997 -0.000000
16.260000 48.719997 -0.000000
16.299999 48.719997 -0.000000
16.440001 47.012310 -0.000000
16.379999 47.000000 -0.000000
16.420000 47.000000 -0.000000
16.440001 47.008911 -0.000000
16.440001 47.000000 -0.000000
16.440001 47.320000 -0.000000
16.416000 47.335999 -0.000000
16.440001 47.229996 -0.000000
16.440001 47.299999 -0.000000
16.451250 47.529999 -0.000000
16.416000 47.655998 -0.000000
16.416000 47.383999 -0.000000
16.459999 47.399998 -0.000000
16.459999 47.639999 -0.000000
16.479998 47.399998 -0.000000
16.496000 47.424000 -0.000000
16.527466 47.639999 -0.000000
16.539999 47.439999 -0.000000
16.559999 47.439999 -0.000000
16.576004 47.464001 -0.000000
16.639999 47.587376 -0.000000
16.576000 47.615997 -0.000000
16.559999 47.639999 -0.000000
16.619999 47.480000 -0.000000
16.619999 47.599998 -0.000000
16.400000 47.909996 -0.000000
16.416000 47.703999 -0.000000
16.459999 47.719997 -0.000000
16.496000 47.743999 -0.000000
16.630001 47.849998 -0.000000
16.559999 48.020000 -0.000000
16.539999 47.759998 -0.000000
16.580000 47.759998 -0.000000
16.619999 47.759998 -0.000000
16.400000 48.119999 -0.000000
16.639999 48.320000 -0.000000
16.471249 48.591248 -0.000000
16.340000 48.719997 -0.000000
16.379999 48.719997 -0.000000
16.423996 48.735996 -0.000000
16.459999 48.759998 -0.000000
16.504000 48.775997 -0.000000
16.519999 48.799999 -0.000000
16.539999 48.799999 -0.000000
16.702499 48.673748 -0.000000
16.580000 48.799999 -0.000000
16.615999 48.775997 -0.000000
16.600000 48.799999 -0.000000
16.639999 47.480000 -0.000000
16.639999 47.500000 -0.000000
16.639999 47.599998 -0.000000
16.680000 47.719997 -0.000000
16.664000 47.743999 -0.000000
16.779999 47.719997 -0.000000
16.820000 47.719997 -0.000000
16.869999 47.764999 -0.000000
16.877499 47.912498 -0.000000
16.859999 47.719997 -0.000000
16.900000 47.719997 -0.000000
16.940001 47.719997 -0.000000
16.990000 47.779999 -0.000000
16.800938 48.133751 -0.000000
16.855999 48.335999 -0.000000
16.879999 48.320000 -0.000000
16.896000 48.295998 -0.000000
16.935999 48.256001 -0.000000
16.920000 48.279999 -0.000000
16.727501 48.494995 -0.000000
16.840000 48.379997 -0.000000
16.855000 48.602501 -0.000000
16.840000 48.419998 -0.000000
16.855997 48.464001 -0.000000
16.879999 48.480000 -0.000000
16.896000 48.503998 -0.000000
16.920000 48.619999 -0.000000
16.920004 48.520004 -0.000000
16.935999 48.543999 -0.000000
16.935999 48.576000 -0.000000
16.660000 48.759998 -0.000000
16.720001 48.759998 -0.000000
16.736000 48.736000 -0.000000
16.779999 48.719997 -0.000000
16.880001 48.719997 -0.000000
16.840000 48.719997 -0.000000
16.896000 48.695999 -0.000000
16.920000 48.660000 -0.000000
16.920000 48.680000 -0.000000
16.980000 47.719997 -0.000000
17.015999 47.743999 -0.000000
17.039999 47.866596 -0.000000
17.005001 47.985001 -0.000000
17.039999 47.759998 -0.000000
17.039999 47.779999 -0.000000
17.039999 47.899998 -0.000000
17.039999 47.939999 -0.000000
17.039999 47.980000 -0.000000
16.975998 48.175999 -0.000000
16.959999 48.219997 -0.000000
16.959999 48.239998 -0.000000
17.039999 48.119999 -0.000000
17.015999 48.135998 -0.000000
17.000000 48.160000 -0.000000
17.039999 48.020000 -0.000000
17.039999 48.059998 -0.000000
17.039999 48.099998 -0.000000
16.959999 48.559998 -0.000000
9.799999 47.039997 0.000000
10.160000 47.399998 0.000000
10.200000 47.360001 0.000000
10.359999 47.320000 0.000000
12.400001 46.719997 -0.000000
12.920000 46.599998 -0.000000
13.040000 47.520000 0.000000
12.960000 47.919998 0.000000
13.320000 46.559998 0.000000
13.599999 48.559998 0.000000
15.920000 48.799999 0.000000
16.240000 46.959999 0.000000
16.479998 47.719997 -0.000000
16.439999 48.759998 0.000000
16.959999 47.849998 -0.000000
17.000000 47.719997 0.000000
17.039999 47.820000 0.000000