2 4 3
554 6 5
6 9 1
18 11 12
18 12 9
13 18 9
14 18 13
24 16 18
21 23 18
16 24 22
35 24 23
25 35 23
26 28 25
35 31 24
32 36 35
33 36 32
44 37 38
46 39 35
46 35 36
40 46 36
41 47 40
44 42 43
46 48 45
46 51 49
44 47 50
46 52 51
46 54 53
56 46 44
46 57 55
46 58 57
59 61 60
56 62 61
56 65 63
69 44 68
70 44 69
72 44 71
44 73 67
75 44 74
77 82 76
78 82 77
80 82 79
82 84 81
85 44 82
87 89 86
88 89 87
82 81 89
91 89 90
93 91 92
96 94 95
97 82 96
98 82 97
99 82 98
100 82 99
103 82 100
93 89 91
102 82 103
106 104 105
109 82 108
110 82 109
111 82 110
112 82 111
82 112 113
115 114 104
121 114 118
121 118 116
120 121 119
82 114 121
319 82 121
319 121 122
124 122 123
129 122 125
127 129 126
130 129 127
132 130 131
319 122 129
319 129 130
319 130 133
134 319 133
137 319 136
138 319 137
143 319 138
143 138 139
319 143 144
145 319 144
146 319 145
148 319 146
149 152 148
150 152 149
160 156 157
169 165 166
170 166 167
160 167 159
161 167 160
164 162 163
178 175 176
179 177 178
161 181 167
162 182 161
171 183 162
172 183 171
173 183 172
179 187 174
183 188 182
190 192 194
195 186 187
183 196 188
189 183 184
192 183 189
197 196 183
202 204 201
211 203 204
205 211 204
219 207 208
225 220 211
216 195 179
225 214 221
223 195 222
225 224 218
225 218 219
225 209 220
225 195 224
226 225 221
227 225 226
229 225 228
231 232 230
240 225 232
233 240 232
247 236 237
242 240 241
240 242 243
240 243 234
247 234 236
255 251 252
260 263 259
262 256 257
263 257 258
265 271 264
266 271 265
267 271 266
274 268 269
375 269 270
375 270 261
277 279 276
286 278 279
280 286 279
283 281 282
291 284 285
289 292 288
290 292 289
275 272 291
292 281 287
294 64 65
56 295 294
56 297 296
297 300 299
304 303 301
85 301 302
85 302 300
85 306 304
85 307 306
85 309 308
85 310 309
311 313 312
314 315 313
316 317 314
318 85 82
316 314 318
153 319 152
154 319 153
327 319 154
329 322 323
329 323 324
328 324 325
329 320 321
319 327 329
330 329 326
331 329 330
345 332 333
329 334 335
336 329 335
337 329 336
339 337 338
346 339 340
341 346 340
342 346 341
329 345 334
346 343 344
329 337 346
349 329 347
350 347 348
351 329 349
346 344 352
354 346 352
367 357 358
360 368 359
362 369 361
363 369 362
369 366 355
369 355 356
348 346 366
369 367 368
427 350 369
371 198 199
200 197 183
225 183 195
374 370 371
374 371 200
372 369 365
373 369 372
183 369 374
183 374 200
427 369 183
248 247 244
375 247 248
375 248 249
375 250 273
375 262 263
375 263 271
375 271 275
275 286 292
377 275 376
378 275 377
379 275 378
380 275 379
381 275 380
382 275 381
384 275 382
385 383 384
386 383 385
387 383 386
388 383 387
389 383 388
390 383 389
390 391 383
392 383 391
397 399 396
398 401 400
398 402 401
398 403 402
398 404 403
424 410 408
424 412 411
424 413 412
419 416 420
420 418 419
420 415 318
424 406 405
425 424 318
425 318 319
426 319 329
427 329 351
428 426 427
427 351 350
429 427 225
430 429 225
430 225 375
432 383 431
433 383 432
434 383 433
435 383 434
436 383 435
437 467 436
438 467 437
413 439 414
444 447 446
444 448 447
424 440 413
442 441 440
452 444 458
458 454 452
458 457 456
459 424 425
460 459 425
462 428 461
426 428 462
464 426 463
465 426 464
462 461 427
465 462 427
466 430 467
467 430 383
468 467 438
469 467 468
470 467 469
471 467 470
472 467 471
473 467 472
474 467 473
458 475 457
458 476 475
458 478 477
458 481 479
458 482 481
487 485 458
487 488 486
487 490 489
512 458 459
496 429 466
497 466 467
498 467 474
497 467 499
502 497 501
503 497 502
504 497 503
505 497 504
506 497 505
507 497 506
508 497 507
509 497 508
492 510 494
512 492 491
511 513 510
512 515 514
519 517 512
519 521 520
524 521 512
521 523 522
512 529 527
530 529 512
531 512 460
596 460 495
533 495 465
534 495 533
534 533 465
535 534 465
536 465 496
537 496 466
538 497 509
539 497 538
540 497 539
541 497 540
542 497 541
543 497 542
544 497 543
545 497 544
546 497 545
547 497 546
548 497 547
549 497 548
550 497 549
551 497 550
552 497 551
553 497 552
560 556 530
562 563 561
565 562 512
568 567 562
570 562 565
562 572 568
562 573 572
574 575 562
569 581 580
531 579 565
588 585 579
682 594 592
595 682 531
595 531 460
598 596 597
701 599 598
598 597 535
709 537 497
609 709 497
600 497 553
601 497 600
602 497 601
603 497 602
604 497 603
605 497 604
606 497 605
607 497 606
607 608 497
609 497 608
611 612 610
613 609 612
614 609 613
616 609 614
619 609 617
623 627 622
609 619 620
624 609 620
625 609 624
629 625 626
629 626 627
628 629 627
587 635 586
637 638 636
639 642 638
640 643 639
641 644 640
644 648 643
647 644 646
644 651 648
649 652 644
650 652 649
644 653 651
656 652 650
655 657 654
658 655 652
656 660 652
672 668 669
662 670 661
672 671 663
672 663 664
671 673 670
671 674 673
672 677 676
672 678 677
672 679 678
682 684 683
692 687 688
695 691 692
694 672 656
672 694 695
696 695 693
696 693 689
742 672 696
742 696 595
532 699 595
700 532 697
697 532 596
701 596 599
704 697 702
704 702 703
705 697 704
703 701 535
705 704 703
708 705 707
707 535 536
709 536 537
711 712 629
714 609 629
715 629 712
717 712 716
719 714 718
721 719 720
725 609 722
727 725 726
730 722 724
731 728 727
734 710 725
736 737 710
680 740 739
742 741 680
742 744 741
742 748 744
746 750 749
750 751 749
742 756 748
755 2325 754
759 760 758
763 765 762
766 767 765
772 774 768
775 778 774
776 779 775
779 781 778
783 785 782
784 785 783
786 788 785
788 791 787
789 792 788
790 793 789
793 794 792
798 742 595
742 777 773
742 780 777
742 800 799
742 802 800
742 804 802
805 742 798
805 806 804
798 808 807
810 595 809
811 595 810
816 797 811
819 811 814
821 595 698
532 822 699
826 823 532
825 595 820
827 595 824
831 826 532
834 828 829
835 829 830
532 836 832
843 833 834
854 846 845
854 848 849
532 854 837
855 810 838
841 856 840
862 859 860
853 860 844
857 867 856
861 869 858
874 810 878
866 878 865
882 867 868
883 871 872
884 872 700
886 880 881
887 881 882
884 889 883
893 812 885
894 885 886
890 895 889
2327 896 890
899 811 893
896 900 895
903 811 899
906 811 903
907 811 905
910 811 907
892 700 697
898 914 902
915 898 892
916 892 911
918 911 697
919 912 697
915 921 914
923 917 911
925 909 908
915 925 921
927 892 916
929 922 917
932 915 927
915 933 930
935 915 931
937 697 706
938 937 936
948 697 937
945 940 697
940 941 939
708 948 938
942 943 940
697 946 945
938 936 708
955 954 709
958 955 956
959 707 954
959 958 957
960 609 710
962 709 960
962 960 961
964 710 737
963 964 737
965 966 964
968 710 966
970 710 968
972 710 969
974 710 971
975 710 974
983 960 978
983 978 979
980 983 979
981 983 980
985 983 984
988 982 983
986 1183 983
987 1183 986
991 1183 990
992 993 991
793 997 794
795 998 793
796 999 795
999 1000 998
1002 1004 1001
1003 1005 1002
1005 1006 1004
1008 1011 1007
1009 1012 1008
1012 1013 1011
1015 1012 1009
1015 1016 1014
1015 1019 1018
1015 1020 1019
1015 1021 1020
798 1027 808
798 1028 1027
1033 798 797
1041 1030 1032
1041 1034 1035
1036 1009 1010
1037 1015 1036
1038 1015 1037
1041 1039 1040
1042 1041 1033
1047 1043 1033
1050 1044 1045
1046 1051 1042
1057 1043 1056
1053 1052 1043
1053 1054 1052
1058 1043 1047
1060 1049 1044
1024 1015 1041
1061 1041 1049
1024 1023 1015
1062 1041 1061
1064 1041 1062
1066 1041 1063
1068 1065 1024
1068 1024 1041
1069 1041 1066
1074 797 813
1072 797 816
1073 818 819
1075 1074 1070
813 1076 1071
1078 813 797
1080 797 1072
1081 1033 1074
1077 1083 1076
1084 1079 1080
1086 1033 1081
1078 1088 1087
1093 1078 1079
1095 1091 1090
1096 1033 1085
1099 1033 1097
1100 1033 1098
1100 1059 1048
1104 915 935
1103 1105 1102
934 1106 1103
1108 1112 1107
1109 1124 1108
1111 1116 1110
1118 1119 1117
1114 1124 1113
1115 1122 1114
1121 1123 1120
1127 1124 1122
1126 1129 1125
1130 1132 1129
1131 1133 1130
951 1135 950
708 1137 1136
708 1139 1138
708 1142 1141
1144 1146 1143
1148 1147 1145
1156 1148 1149
1153 1149 1152
708 1158 1149
1150 1160 1148
1159 1163 1162
1164 1165 1159
1169 708 953
1169 1171 1170
1169 1173 1171
1174 1175 1173
1174 1176 1175
959 953 707
959 954 958
1181 959 709
1327 962 1183
995 1183 993
996 1183 995
1183 961 988
1183 988 989
1184 1183 1182
1186 1183 1185
1189 1183 1186
1188 1189 1186
1191 1183 1189
1190 1191 1189
1192 1193 1191
1183 1191 1193
1195 1183 1194
1196 1183 1195
1199 1183 1198
1202 1199 1200
1201 1203 1202
1204 1183 1199
1204 1199 1202
1204 1202 1203
1327 1183 1204
1206 1327 1204
1207 1327 1206
1209 1210 1208
1214 1068 1069
1213 1215 1212
1216 1068 1214
1068 1218 1213
1219 1068 1216
1068 1220 1218
1221 1068 1219
1222 1220 1068
1225 1222 1221
1226 1221 1223
1231 1224 1222
1229 1222 1225
1228 1230 1227
1232 1231 1229
1231 1234 1230
1231 1238 1235
1237 1239 1236
1231 1240 1238
1243 1231 1232
1243 1232 1239
1248 1245 1243
1248 1250 1247
1248 1252 1250
1251 1253 1248
1258 1254 1255
1257 1262 1256
1263 1257 1259
1265 1260 1261
1266 1261 1262
1267 1262 1257
1267 1257 1263
1267 1268 1266
1272 1268 1269
1274 1270 1271
1277 1273 1274
1280 1275 1276
1281 1276 1277
1177 1283 1282
1284 1285 1177
1286 1284 1178
1169 1287 1180
953 1291 1289
953 1293 1292
953 1294 1293
1295 1298 1294
1299 1297 953
1295 1302 1298
1303 1295 1296
1304 1296 1297
1301 1305 1300
1308 1302 1295
1313 1295 1303
1306 1314 1301
1310 1315 1309
953 1317 1316
1318 1319 1317
959 1323 1321
1328 1181 1327
1329 1210 1211
1331 1329 1330
1327 1210 1329
1327 1329 1331
1333 1327 1331
1334 1327 1333
1337 1338 1336
1338 1327 1335
1341 1342 1340
1358 1345 1346
1359 1342 1343
1347 1359 1343
1348 1359 1347
1357 1350 1351
1358 1351 1352
1358 1352 1353
1359 1327 1342
1354 1359 1348
1355 1359 1354
1359 1355 1356
1358 1346 1360
1361 1358 1360
1365 1358 1361
1364 1365 1363
1373 1366 1367
1370 1373 1367
1371 1373 1370
1372 1374 1371
1359 1358 1365
1375 1373 1374
1376 1373 1375
1377 1373 1376
1379 1380 1378
1381 1373 1380
1382 1383 1373
1386 1373 1384
1385 1386 1384
1389 1391 1388
1396 1392 1393
1394 1396 1393
1397 1398 1396
1248 1400 1252
1403 1406 1404
1248 1409 1401
1437 1413 1248
1410 1437 1248
1414 1437 1410
1437 1416 1413
1421 1419 1420
1433 1421 1422
1423 1399 1397
1427 1434 1423
1426 1435 1427
1424 1435 1426
1436 1425 1428
1437 1428 1429
1431 1437 1430
1446 1431 1432
1438 1419 1421
1439 1421 1433
1435 1440 1434
1442 1435 1436
1437 1442 1436
1447 1446 1419
1449 1419 1438
1450 1438 1439
1437 1451 1442
1443 1452 1437
1453 1444 1437
1455 1437 1445
1456 1445 1446
1458 1408 1407
1459 1460 1458
1465 1279 1280
1466 1459 1461
1466 1461 1462
1466 1462 1463
1467 1463 1464
1468 1464 1279
1469 1279 1465
1470 1466 1467
1472 1466 1470
1433 1422 1466
1473 1433 1466
1474 1466 1471
1325 1480 1477
1483 1478 1479
1492 1482 1483
1484 1492 1483
1492 1486 1487
1488 1494 1492
1488 1495 1494
1496 1488 1489
1493 1497 1496
1496 1499 1498
1500 1496 1497
1500 1502 1501
1508 1504 1500
1511 1505 1506
1511 1506 1507
1513 1509 1510
1511 1514 1513
1514 1517 1516
1518 1485 1481
1522 1500 1497
1326 1523 1521
1526 1326 1181
1527 1181 1328
1528 1328 1327
1673 1328 1528
1529 1528 1327
1530 1327 1359
1531 1373 1386
1532 1359 1531
1387 1531 1386
1538 1532 1537
1532 1531 1534
1532 1534 1535
1532 1535 1536
1532 1543 1540
1532 1540 1541
1548 1541 1544
1546 1548 1545
1547 1549 1546
1532 1548 1549
1532 1549 1550
1552 1532 1550
1553 1532 1552
1556 1532 1555
1557 1532 1556
1559 1532 1558
1561 1532 1560
1563 1564 1562
1611 1564 1565
1566 1611 1565
1567 1568 1566
1569 1570 1568
1571 1572 1570
1511 1574 1517
1511 1577 1575
1511 1578 1577
1586 1583 1584
1582 1586 1584
1591 1589 1590
1511 1582 1580
1511 1587 1582
1511 1588 1587
1526 1593 1511
1600 1598 1526
1599 1597 1596
1600 1601 1599
1600 1604 1603
1526 1607 1600
1609 1673 1528
1529 1609 1528
1673 1609 1529
1673 1529 1530
1612 1611 1572
1613 1614 1612
1615 1616 1614
1620 1611 1616
1618 1620 1616
1619 1620 1618
1624 1611 1620
1622 1624 1620
1625 1623 1622
1626 1627 1623
1629 1624 1627
1630 1631 1629
1634 1624 1631
1633 1634 1631
1636 1637 1634
1639 1637 1638
1624 1634 1637
1624 1637 1639
1641 1624 1639
1642 1643 1641
1608 1645 1607
1646 1648 1647
1602 1650 1649
1652 1650 1602
1654 1651 1652
1658 1656 1655
1660 1657 1658
1661 1658 1602
1661 1662 1660
1602 1665 1664
1602 1666 1665
1602 1668 1667
1671 1602 1527
1674 1610 1611
1674 1611 1624
1675 1624 1643
1676 1624 1675
1678 1679 1677
1624 1679 1680
1681 1624 1680
1683 1624 1682
1685 1624 1684
1687 1685 1686
1687 1624 1685
1688 1687 1686
1690 1687 1689
1692 1687 1691
1693 1687 1692
1694 1696 1687
1698 1696 1697
1699 1687 1698
1701 1699 1700
1702 1687 1699
1602 1704 1703
1602 1707 1704
1705 1709 1602
1708 1710 1707
1713 1715 1712
1721 1722 1718
1670 1714 1669
1670 1725 1724
1602 1726 1670
1727 1728 1726
1733 1602 1671
1732 1734 1731
1602 1735 1731
1749 1602 1729
1737 1729 1602
1736 1740 1735
1741 1729 1737
1742 1733 1738
1733 1743 1739
1671 1747 1733
1751 1749 1729
1671 1753 1752
1671 1755 1754
1761 1763 1760
1671 1758 1756
1671 1759 1758
1671 1762 1759
1771 1673 1530
1773 1530 1610
1774 1773 1775
1776 1775 1674
1778 1674 1687
1780 1778 1687
1781 1779 1687
1787 1674 1778
1787 1778 1785
1791 1787 1789
1792 1674 1790
1793 1674 1792
1794 1777 1793
1797 1777 1795
1798 1799 1777
1776 1777 1799
1802 1776 1801
1805 1702 1804
1807 1687 1805
1806 1784 1687
1807 1808 1687
1809 1811 1808
1820 1817 1819
1818 1814 1816
1817 1818 1816
1826 1763 1764
1766 1827 1765
1768 1827 1767
1830 1824 1825
1830 1825 1826
1844 1829 1830
2330 1834 1833
1834 1835 1833
1840 1831 1832
1844 1830 1827
1841 1827 1828
1843 1837 1838
1844 1843 1839
1817 1813 1842
1845 1821 1836
1860 1827 1841
1821 1823 1822
1845 1846 1821
1845 1847 1846
1845 1849 1848
1845 1851 1850
1853 1845 1844
1852 1854 1851
1855 1856 1852
1853 1855 1852
1855 2331 1856
1860 1862 1859
1860 1863 1862
1671 1868 1770
1871 1874 1870
1671 1876 1868
1841 1671 1672
1874 1841 1869
1864 1860 1841
1877 1672 1772
1878 1672 1877
1841 1878 1771
1803 1880 1776
1883 1776 1882
1885 1887 1776
1886 1887 1885
1890 1887 1888
1891 1887 1889
1879 1776 1887
1892 1887 1891
1893 1879 1892
1895 1896 1894
1896 1879 1893
1897 1898 1896
1900 1879 1898
1899 1900 1898
1902 1900 1901
1860 1903 1863
1909 1906 1907
1909 1907 1905
1864 1905 1860
1911 1908 1909
1914 1912 1913
1909 1913 1911
1916 1917 1915
1909 1919 1916
1909 1921 1920
1922 1909 1864
1909 1923 1921
1909 1926 1923
1928 1924 1922
1909 1930 1926
1932 1909 1927
1936 1931 1932
1931 1939 1935
1944 1945 1931
1943 1941 1942
1943 1948 1941
1929 1864 1841
1984 1841 1950
1950 1841 1771
1953 1774 1879
1954 1879 1902
1956 1879 1955
1958 1879 1956
1965 1879 1957
1959 1965 1957
1960 1965 1959
1962 1965 1961
1964 1965 1963
1966 1965 1964
1967 1965 1966
1968 1965 1967
1969 1965 1968
1970 1965 1969
1972 1965 1970
1973 1965 1971
1976 1965 1973
1984 1978 1979
1984 1979 1980
1988 1982 1983
1993 1989 1990
1993 1990 1991
1995 1986 1987
1986 1996 1994
1995 1997 1986
1999 1995 1988
1995 1998 1997
1984 1999 1988
1984 2001 1999
1984 2002 2001
2006 2003 1984
2006 2007 2005
2008 2009 2007
2006 2011 2008
1977 1949 1841
1984 1977 1841
2013 1984 2017
2014 2017 1984
2015 2012 1984
2013 2016 2015
2020 1965 1974
2023 1965 2020
2024 2022 2023
2026 2022 2025
2019 1879 2021
2029 2019 2027
2030 2019 2029
2032 2019 2030
2034 2033 2031
2035 2019 2033
2037 2035 2036
2040 2019 2035
2041 2019 2038
2042 2019 2041
2044 2019 2042
2014 2046 2017
2014 2047 2046
2014 2049 2048
2053 2052 2014
2056 2014 1950
2056 2051 2053
2056 2053 2014
2058 2054 2055
2060 2058 2056
2060 2061 2059
2060 2062 2061
2060 2063 2062
2066 2067 2065
2068 2066 2056
2071 2072 2070
2074 1950 2018
2075 2018 2332
2076 2074 1951
2081 1951 2078
2083 1951 2080
2085 1951 2082
2087 2084 2085
2088 1951 2084
2091 2092 2089
2095 2092 2091
2098 2096 2097
2099 2096 2098
2100 2096 2099
2104 1951 1952
2115 2101 1952
2132 2117 1952
2143 1952 1953
2151 1953 2019
2152 2151 2149
2154 2019 2043
2071 2160 2073
2163 2161 2158
2163 2159 2162
2163 2164 2165
2172 2166 2167
2172 2167 2163
2171 2169 2172
2174 2172 2163
2178 2173 2174
2163 2179 2175
2181 2177 2173
2163 2183 2182
2184 2187 2186
2198 2190 2191
2192 2198 2191
2193 2200 2192
2194 2199 2193
2199 2194 2195
2199 2201 2200
2204 2202 2199
2204 2205 2203
2206 2163 2074
2238 2206 2074
2207 2206 2238
2208 2206 2207
2210 2074 2076
2211 2076 2333
2077 2212 2333
2214 2076 2211
2077 2215 2212
2218 2077 2252
2219 2210 2213
2217 2220 2216
2224 2077 2218
2226 2074 2210
2222 2228 2221
2232 2229 2231
2236 2074 2226
2229 2237 2230
2239 2234 2074
2240 2074 2235
2241 2238 2234
2242 2208 2207
2244 2206 2208
2245 2206 2244
2246 2206 2245
2248 2206 2247
2251 2206 2248
2252 2077 2092
2256 2252 2253
2092 2257 2254
2258 2092 2096
2258 2260 2257
2261 2258 2096
2258 2263 2260
2266 2258 2261
2269 2265 2258
2270 2258 2266
2272 2267 2268
2204 2273 2205
2204 2275 2273
2277 2278 2276
2204 2280 2277
2204 2281 2280
2283 2284 2282
2292 2209 2206
2294 2209 2292
2334 2209 2293
2298 2295 2209
2301 2209 2296
2302 2285 2204
2305 2295 2298
2302 2290 2288
2291 2290 2302
2310 2291 2302
2311 2302 2303
2307 2312 2303
2313 2307 2303
2314 2303 2308
2316 2309 2310
2313 2317 2307
2319 2206 2249
2335 2292 2320
2323 2292 2321
4 1 3
6 1 4
6 4 5
10 6 7
167 166 159
179 174 177
192 189 194
195 193 191
256 253 254
422 421 415
416 555 422
420 416 422
420 423 417
420 417 418
633 635 632
636 633 634
637 634 632
637 636 634
666 665 660
672 666 660
672 664 667
672 667 668
726 725 722
728 725 727
729 725 728
734 729 732
753 751 752
755 752 750
755 753 752
755 754 753
759 758 755
762 760 761
769 768 766
851 850 837
845 851 837
854 845 837
853 852 847
853 847 848
860 859 844
861 858 859
863 853 854
870 861 862
878 810 865
875 874 878
812 810 876
812 876 877
915 926 925
1041 1031 798
1052 1046 1043
1055 1053 1043
1091 1089 1090
1118 1117 1111
1121 1120 1118
1155 1156 1149
1157 1150 1156
1158 1154 1151
1259 1257 1258
1312 1311 1308
1311 1310 1308
2328 1390 1391
1395 2328 1392
1408 1406 1407
1458 1407 1403
1466 1460 1459
1525 1500 1524
1720 1715 1719
1717 1716 1719
1722 1716 1718
1747 1744 1743
1747 1746 1744
1777 1794 1795
1817 1816 1819
1838 1835 1834
1838 1837 1835
1868 1867 1865
1873 1872 1876
1874 1869 1870
1841 1875 1873
1841 1874 1875
1942 1941 1944
1946 1944 1931
1946 1942 1944
1986 1993 1991
1986 1994 1993
2056 2050 2051
2163 2158 2071
2163 2162 2161
2189 2186 2188
2191 2188 2187
2191 2189 2188
2191 2190 2189
2231 2229 2222
2230 2222 2229
2233 2231 2222
554 7 6
6 10 9
9 12 8
10 13 9
18 17 11
14 19 18
16 20 15
18 16 17
16 22 20
23 24 18
25 28 35
27 31 29
24 31 27
28 30 35
30 32 35
31 35 34
44 43 37
39 46 45
40 47 46
44 50 42
46 49 48
44 46 47
46 53 52
46 55 54
46 59 58
56 59 46
59 56 61
56 63 62
67 73 66
68 44 67
71 44 70
72 74 44
73 44 38
76 82 75
78 83 82
79 82 83
80 84 82
82 44 75
85 56 44
86 89 81
96 82 94
101 103 100
93 82 89
82 93 94
106 115 104
108 82 107
114 82 113
115 118 114
117 121 116
82 102 107
120 122 121
124 125 122
128 130 127
132 133 130
134 136 319
135 137 136
140 143 139
141 144 143
142 145 144
147 148 146
148 152 319
151 152 150
160 159 156
158 161 160
169 168 165
170 169 166
164 171 162
178 177 175
167 181 180
161 182 181
162 183 182
173 184 183
179 195 187
185 189 184
192 193 183
195 183 193
202 205 204
205 212 211
206 213 212
219 218 207
210 220 209
212 225 211
215 221 214
216 222 195
218 224 217
225 213 214
224 195 223
209 225 219
213 225 212
227 228 225
229 230 225
230 232 225
233 241 240
236 234 235
238 247 237
239 247 238
247 240 234
245 248 244
255 254 251
255 256 254
256 262 253
259 263 258
263 262 257
264 271 263
375 274 269
262 375 261
272 275 271
273 250 246
375 273 274
277 280 279
286 285 278
283 287 281
286 291 285
288 292 287
286 275 291
292 286 281
294 293 64
56 294 65
300 297 56
56 296 295
297 299 298
85 304 301
306 305 304
85 308 307
85 311 310
314 311 85
311 314 313
85 300 56
318 314 85
319 318 82
155 327 154
329 321 322
328 329 324
326 329 328
329 327 320
332 329 331
345 329 332
346 337 339
343 346 342
347 329 346
348 347 346
350 349 347
350 351 349
353 354 352
354 366 346
357 369 356
367 369 357
359 368 367
361 369 368
364 369 363
365 369 364
369 348 366
369 350 348
200 371 199
373 374 369
375 240 247
375 225 240
375 249 250
376 275 292
383 375 275
384 383 275
316 394 393
397 400 399
398 400 397
398 405 404
424 411 410
318 394 316
394 415 395
318 415 394
415 420 422
424 420 318
423 420 398
424 398 420
424 405 398
424 407 406
424 409 407
424 408 409
426 425 319
427 426 329
225 427 183
383 430 375
431 383 392
436 467 383
413 440 439
444 445 443
444 446 445
448 450 449
424 442 440
458 442 424
459 458 424
458 444 442
452 448 444
452 450 448
452 451 450
452 454 453
458 455 454
455 458 456
426 460 425
463 426 462
427 461 428
465 463 462
465 464 463
458 477 476
458 479 478
479 481 480
458 483 482
458 484 483
458 485 484
491 487 458
487 489 488
487 491 490
512 491 458
493 492 494
460 512 459
495 460 426
465 495 426
429 465 427
496 465 429
466 429 430
498 499 467
499 500 497
500 501 497
492 511 510
512 511 492
511 512 514
512 516 515
512 517 516
519 520 518
512 521 519
521 524 523
526 525 524
512 526 524
512 527 526
527 529 528
534 596 495
537 536 496
497 537 466
560 557 556
512 560 530
560 558 557
562 560 512
558 560 559
560 562 561
562 564 563
562 566 564
562 567 566
570 569 562
568 572 571
569 574 562
574 576 575
569 580 574
577 569 570
565 579 578
569 582 581
569 583 582
584 583 569
531 565 512
531 588 579
589 588 531
588 590 585
531 591 589
682 591 531
682 592 591
592 594 593
532 595 460
596 532 460
597 596 534
599 596 598
535 597 534
535 701 598
536 535 465
608 610 609
610 612 609
615 616 614
616 617 609
618 619 617
621 624 620
623 628 627
625 629 609
628 630 629
587 632 635
632 634 633
637 639 638
639 643 642
640 644 643
641 645 644
647 649 644
644 654 653
644 655 654
652 655 644
652 659 658
652 660 659
656 672 660
672 669 666
662 671 670
671 2324 674
672 2324 671
672 675 2324
675 672 676
672 680 679
594 682 681
595 684 682
684 595 685
595 689 685
686 656 650
692 691 687
690 694 656
693 695 692
696 672 695
595 696 689
742 680 672
699 698 595
701 697 596
702 697 701
703 702 701
706 697 705
707 703 535
707 705 703
708 706 705
709 707 536
631 711 629
715 714 629
713 716 712
717 715 712
718 714 715
720 719 718
722 609 714
723 722 714
725 710 609
730 726 722
729 734 725
733 735 734
735 710 734
680 741 740
741 744 743
750 752 751
742 757 756
755 758 2325
759 761 760
763 762 761
763 766 765
766 768 767
764 771 770
769 772 768
772 775 774
773 777 2326
775 779 778
779 782 781
779 783 782
784 786 785
785 788 787
786 789 788
788 792 791
789 793 792
742 764 757
797 798 595
742 771 764
742 773 771
742 799 780
800 802 801
802 804 803
742 805 804
798 807 805
811 797 595
812 811 810
815 814 811
817 816 811
818 817 811
819 818 811
821 820 595
532 823 822
825 824 595
827 809 595
826 829 828
830 829 826
831 830 826
532 832 831
834 833 828
835 834 829
532 837 836
838 810 809
809 839 838
843 842 833
854 849 846
854 853 848
864 854 532
700 864 532
841 857 856
862 861 859
853 863 860
864 863 854
855 865 810
857 868 867
861 870 869
864 872 871
700 872 864
874 873 810
876 810 873
866 879 878
882 881 867
884 883 872
886 885 880
887 886 881
883 889 888
884 890 889
893 811 812
894 893 885
890 896 895
2327 897 896
896 901 900
906 905 811
910 815 811
892 891 700
911 892 697
902 914 904
898 915 914
917 916 911
912 918 697
920 919 697
913 920 697
917 922 916
924 923 911
925 926 909
927 915 892
929 928 922
915 930 926
932 931 915
934 933 915
936 937 706
938 948 937
940 939 697
939 913 697
945 942 940
945 944 942
948 946 697
946 948 947
948 950 949
948 951 950
952 951 948
708 952 948
708 936 706
953 708 707
709 954 707
956 955 709
957 956 709
958 954 955
957 958 956
709 959 957
960 709 609
738 963 737
964 966 710
965 967 966
970 969 710
972 971 710
973 960 710
975 973 710
976 960 973
976 977 960
977 978 960
982 961 960
983 982 960
981 984 983
985 986 983
988 961 982
989 988 983
1183 989 983
987 990 1183
991 993 1183
994 995 993
793 998 997
795 999 998
999 1001 1000
999 1002 1001
1002 1005 1004
1005 1007 1006
1005 1008 1007
1008 1012 1011
1012 1015 1014
1015 1017 1016
1017 1015 1018
1015 1022 1021
1015 1023 1022
808 1027 1026
798 1031 1028
1041 1032 1031
1032 1030 1029
1033 1041 798
1041 1035 1030
1041 1040 1034
1036 1015 1009
1041 1038 1039
1041 1015 1038
1043 1042 1033
1045 1044 1041
1042 1045 1041
1043 1046 1042
1048 1047 1033
1044 1049 1041
1057 1055 1043
1058 1056 1043
1064 1063 1041
1024 1065 1025
1065 1212 1067
1068 1212 1065
1069 1068 1041
1070 1074 813
813 1071 1070
1074 1033 797
813 1077 1076
1078 1077 813
1079 1078 797
1080 1079 797
1082 1081 1074
1078 1087 1077
1086 1085 1033
1078 1089 1088
1090 1089 1078
1078 1092 1090
1095 1094 1091
1096 1097 1033
1099 1098 1033
1100 1048 1033
1100 1101 1059
1103 1102 933
934 1103 933
1104 934 915
1103 1106 1105
934 1107 1106
934 1108 1107
1109 1108 934
1108 1124 1112
1109 1113 1124
1111 1117 1116
1118 1120 1119
1124 1121 1112
1114 1122 1124
1121 1124 1123
1124 1126 1125
1127 1126 1124
1122 1128 1127
1126 1130 1129
1130 1133 1132
1131 1134 1133
952 708 1136
708 1138 1137
708 1140 1139
708 1141 1140
708 1143 1142
708 1144 1143
1145 1144 708
1148 1145 708
1149 1148 708
1156 1150 1148
1151 1152 1149
1153 1155 1149
1149 1158 1151
708 1162 1158
1159 1162 708
1150 1161 1160
708 1164 1159
708 1166 1164
1167 1166 708
1169 1167 708
1167 1169 1168
1169 1170 1168
1171 1173 1172
1169 1174 1173
1177 1282 1174
1169 1177 1174
1179 1178 1169
1180 1179 1169
962 1181 709
996 1182 1183
1183 962 961
1184 1185 1183
1187 1188 1186
1193 1194 1183
1196 1197 1183
1197 1198 1183
1205 1206 1204
1207 1208 1327
1208 1210 1327
1068 1213 1212
1217 1216 1214
1221 1222 1068
1226 1225 1221
1231 1228 1224
1229 1231 1222
1228 1231 1230
1231 1235 1234
1233 1236 1232
1236 1239 1232
1231 1242 1240
1243 1242 1231
1239 1241 1243
1241 1244 1243
1244 1248 1243
1245 1248 1247
1246 1249 1248
1249 1251 1248
1258 1257 1254
1265 1264 1260
1266 1265 1261
1267 1266 1262
1269 1268 1267
1268 1271 1270
1272 1271 1268
1274 1273 1270
1277 1276 1273
1280 1279 1275
1281 1280 1276
1169 1284 1177
1178 1284 1169
1169 1288 1287
1169 1289 1288
953 1289 1169
1289 1291 1290
1291 953 1292
953 1295 1294
1296 1295 953
1297 1296 953
953 1300 1299
953 1301 1300
953 1306 1301
959 1318 953
1308 1307 1302
1295 1312 1308
1308 1310 1309
953 1316 1306
953 1318 1317
1318 1321 1320
959 1321 1318
1321 1323 1322
959 1324 1323
1481 1324 959
1481 1325 1324
1326 1481 959
1181 1326 959
1327 1181 962
1332 1333 1331
1334 1335 1327
1336 1338 1335
1339 1342 1338
1341 1343 1342
1342 1327 1338
1344 1347 1343
1358 1353 1345
1349 1354 1348
1358 1357 1351
1357 1359 1356
1358 1359 1357
1362 1365 1361
1364 1369 1365
1368 1370 1367
1373 1369 1366
1371 1374 1373
1369 1359 1365
1377 1378 1373
1373 1359 1369
1378 1380 1373
1381 1382 1373
1383 1384 1373
1389 1392 1391
1392 2328 1391
1396 1395 1392
1394 1397 1396
1397 1399 1398
1248 1401 1400
1253 1402 1248
1404 1406 1405
1403 1407 1406
1413 1409 1248
1402 1410 1248
1411 1414 1410
1414 1417 1437
1437 1429 1416
1417 1430 1437
1419 1432 1418
1423 1434 1399
1427 1435 1434
1437 1436 1428
1446 1437 1431
1419 1446 1432
1439 1438 1421
1435 1441 1440
1442 1441 1435
1444 1443 1437
1446 1445 1437
1448 1447 1419
1449 1448 1419
1450 1449 1438
1437 1452 1451
1454 1453 1437
1455 1454 1437
1457 1456 1446
1458 1460 1408
1279 1464 1278
1467 1466 1463
1468 1467 1464
1469 1468 1279
1466 1415 1412
1466 1422 1415
1472 1471 1466
1474 1473 1466
1475 1439 1433
1476 1475 1433
1325 1481 1480
1483 1482 1478
1492 1487 1482
1484 1488 1492
1492 1491 1486
1490 1496 1489
1488 1498 1495
1496 1498 1488
1500 1499 1496
1499 1500 1501
1500 1503 1502
1504 1503 1500
1511 1510 1505
1508 1511 1507
1513 1512 1509
1511 1513 1510
1514 1516 1515
1514 1511 1517
1326 1518 1481
1326 1519 1518
1326 1520 1519
1326 1521 1520
1522 1524 1500
1326 1525 1523
1326 1500 1525
1511 1500 1326
1511 1508 1500
1526 1511 1326
1530 1529 1327
1531 1359 1373
1610 1530 1359
1533 1534 1531
1537 1532 1536
1538 1539 1532
1539 1543 1532
1542 1544 1541
1548 1532 1541
1546 1549 1548
1551 1552 1550
1532 1610 1359
1553 1554 1532
1554 1555 1532
1557 1558 1532
1559 1560 1532
1561 1562 1532
1562 1564 1532
1564 1611 1532
1566 1568 1611
1568 1570 1611
1570 1572 1611
1511 1575 1574
1575 1577 1576
1511 1579 1578
1511 1580 1579
1582 1584 1581
1586 1585 1583
1582 1587 1586
1591 1593 1592
1511 1590 1588
1593 1591 1590
1511 1593 1590
1526 1594 1593
1594 1598 1595
1526 1598 1594
1600 1599 1598
1599 1601 1597
1600 1603 1601
1600 1606 1605
1600 1607 1606
1526 1608 1607
1646 1608 1526
1602 1646 1526
1527 1526 1181
1673 1527 1328
1611 1610 1532
1573 1612 1572
1612 1614 1611
1614 1616 1611
1617 1618 1616
1621 1622 1620
1622 1623 1624
1623 1627 1624
1628 1629 1627
1629 1631 1624
1632 1633 1631
1633 1635 1634
1640 1641 1639
1641 1643 1624
1646 1649 1648
1646 1602 1649
1654 1653 1651
1602 1654 1652
1602 1655 1654
1602 1658 1655
1660 1659 1657
1661 1660 1658
1661 1664 1663
1602 1664 1661
1602 1667 1666
1602 1703 1668
1670 1669 1602
1527 1602 1526
1673 1671 1527
1672 1671 1673
1674 1775 1610
1644 1675 1643
1676 1677 1624
1677 1679 1624
1681 1682 1624
1683 1684 1624
1687 1674 1624
1688 1689 1687
1690 1691 1687
1693 1694 1687
1695 1696 1694
1698 1687 1696
1700 1699 1698
1669 1705 1602
1704 1707 1706
1602 1708 1707
1709 1708 1602
1708 1711 1710
1708 1712 1711
1713 1712 1708
1713 1719 1715
1716 1720 1719
1717 1718 1716
1721 1723 1722
1670 1726 1725
1602 1727 1726
1731 1727 1602
1727 1731 1730
1731 1735 1732
1602 1736 1735
1749 1736 1602
1733 1737 1602
1739 1738 1733
1749 1748 1736
1745 1737 1733
1742 1745 1733
1733 1747 1743
1751 1750 1749
1747 1671 1752
1671 1754 1753
1671 1756 1755
1756 1758 1757
1761 1764 1763
1671 1769 1762
1671 1770 1769
1772 1672 1673
1771 1772 1673
1773 1771 1530
1775 1773 1610
1777 1776 1674
1779 1780 1687
1782 1781 1687
1783 1782 1687
1784 1783 1687
1786 1778 1780
1788 1787 1785
1790 1674 1787
1791 1790 1787
1793 1777 1674
1796 1794 1793
1797 1798 1777
1799 1800 1776
1800 1801 1776
1802 1803 1776
1805 1687 1702
1687 1808 1806
1807 1809 1808
1810 1809 1807
1809 1812 1811
1818 1815 1814
1826 1825 1763
1765 1827 1826
1767 1827 1766
1827 1830 1826
1844 1832 1829
1844 1840 1832
1836 1842 2329
1843 1836 1837
1840 1844 1839
1817 1820 1813
1836 1817 1842
1844 1836 1843
1836 1821 1817
1844 1845 1836
1860 1844 1827
1821 1846 1823
1845 1848 1847
1845 1850 1849
1845 1852 1851
1853 1852 1845
1853 1857 1855
1858 1857 1853
1844 1860 1859
1855 1861 2331
1770 1868 1865
1866 1869 1828
1876 1841 1873
1671 1841 1876
1869 1841 1828
1771 1877 1772
1878 1841 1672
1771 1878 1877
1773 1951 1771
1776 1774 1775
1879 1774 1776
1880 1881 1776
1881 1882 1776
1883 1884 1776
1884 1885 1776
1886 1888 1887
1890 1889 1887
1892 1879 1887
1894 1896 1893
1898 1879 1896
1902 1879 1900
1905 1907 1904
1909 1908 1906
1864 1909 1905
1911 1913 1910
1909 1914 1913
1909 1916 1914
1916 1918 1917
1916 1919 1918
1909 1920 1919
1922 1924 1909
1923 1926 1925
1924 1927 1909
1931 1930 1909
1932 1931 1909
1933 1932 1927
1931 1935 1930
1935 1939 1938
1931 1940 1939
1945 1940 1931
1841 1934 1929
1841 1937 1934
1841 1947 1937
1841 1949 1947
1951 1950 1771
1774 1951 1773
1774 1952 1951
1953 1952 1774
1955 1879 1954
1958 1957 1879
1961 1965 1960
1962 1963 1965
1972 1971 1965
1975 1974 1965
1976 1975 1965
1984 1983 1978
1982 1988 1981
1984 1988 1983
1993 1992 1989
1986 1991 1985
1988 1995 1987
1986 1997 1996
1995 1999 1998
1999 2001 2000
1984 2003 2002
2006 2004 2003
2004 2006 2005
2006 2008 2007
1984 2010 2006
1984 2012 2010
1984 1980 1977
1950 2014 1984
2013 2015 1984
1951 2018 1950
2021 1879 1965
2022 2021 1965
2023 2022 1965
2026 2021 2022
2019 1953 1879
2027 2019 2021
2028 2027 2021
2031 2033 2019
2032 2031 2019
2036 2035 2033
2039 2038 2019
2040 2039 2019
2044 2043 2019
2017 2046 2045
2047 2014 2048
2014 2052 2049
2058 2057 2054
2056 2058 2055
2058 2060 2059
2056 2064 2060
2064 2066 2065
2056 2066 2064
2069 2068 2056
2056 2070 2069
2056 2071 2070
2163 2071 2056
1950 2163 2056
2074 2163 1950
1951 2332 2018
2075 2074 2018
1951 2075 2332
1951 2074 2075
2077 2076 1951
2077 2333 2076
2079 2078 1951
2081 2080 1951
2083 2082 1951
2085 2084 1951
2086 2085 2082
2088 2092 1951
2089 2092 2088
2090 2089 2088
2092 2077 1951
2094 2093 2092
2095 2094 2092
2096 2092 2093
2097 2096 2093
2102 2079 1951
2103 2102 1951
2104 2103 1951
2105 2104 1952
2106 2105 1952
2107 2106 1952
2108 2107 1952
2109 2108 1952
2110 2109 1952
2111 2110 1952
2112 2111 1952
2113 2112 1952
2114 2113 1952
2101 2114 1952
2116 2115 1952
2118 2116 1952
2119 2118 1952
2120 2119 1952
2121 2120 1952
2122 2121 1952
2123 2122 1952
2124 2123 1952
2125 2124 1952
2126 2125 1952
2127 2126 1952
2128 2127 1952
2129 2128 1952
2130 2129 1952
2131 2130 1952
2117 2131 1952
2133 2132 1952
2134 2133 1952
2135 2134 1952
2136 2135 1952
2137 2136 1952
2138 2137 1952
2139 2138 1952
2140 2139 1952
2141 2140 1952
2142 2141 1952
2143 2142 1952
2144 2143 1953
2145 2144 1953
2146 2145 1953
2147 2146 1953
2148 2147 1953
2149 2151 2019
2150 2148 1953
2151 2150 1953
2153 2149 2019
2154 2153 2019
2155 2149 2153
2156 2152 2149
2157 2156 2149
2071 2158 2160
2163 2165 2159
2163 2167 2164
2172 2168 2166
2172 2169 2168
2171 2170 2169
2174 2173 2172
2163 2175 2174
2172 2177 2176
2173 2177 2172
2163 2182 2179
2181 2180 2177
2163 2185 2183
2187 2188 2186
2199 2196 2185
2163 2199 2185
2198 2197 2190
2192 2200 2198
2193 2199 2200
2196 2199 2195
2199 2202 2201
2202 2204 2203
2204 2199 2163
2206 2204 2163
2212 2211 2333
2213 2210 2076
2214 2213 2076
2077 2216 2215
2077 2217 2216
2077 2221 2217
2077 2222 2221
2223 2222 2077
2224 2223 2077
2225 2224 2218
2227 2226 2210
2223 2233 2222
2236 2235 2074
2234 2238 2074
2240 2239 2074
2243 2244 2208
2246 2247 2206
2250 2249 2206
2251 2250 2206
2253 2252 2092
2254 2253 2092
2255 2096 2100
2092 2258 2257
2259 2218 2252
2262 2261 2096
2258 2264 2263
2258 2267 2264
2265 2267 2258
2265 2268 2267
2270 2269 2258
2272 2271 2267
2273 2275 2274
2204 2276 2275
2204 2277 2276
2277 2280 2279
2204 2282 2281
2204 2283 2282
2204 2285 2283
2285 2287 2286
2288 2290 2289
2209 2204 2206
2294 2293 2209
2209 2295 2204
2297 2296 2209
2334 2297 2209
2299 2298 2209
2300 2299 2209
2301 2300 2209
2302 2287 2285
2303 2302 2204
2295 2303 2204
2305 2304 2295
2302 2288 2287
2306 2303 2295
2310 2309 2291
2303 2312 2311
2314 2313 2303
2316 2315 2309
2313 2318 2317
2319 2292 2206
2320 2292 2319
2335 2321 2292
2323 2322 2292