30.681026 50.907749 -0.000000
30.498373 51.162563 0.000001
30.504883 51.022831 -0.000000
30.535807 51.179649 -0.000000
30.574911 51.032475 -0.000000
31.262688 51.606346 -0.000000
30.646809 50.998016 -0.000000
30.534290 51.226788 0.000005
30.603582 51.283958 -0.000000
30.655218 51.369156 -0.000000
30.627747 51.426666 -0.000000
30.524521 51.602566 -0.000000
30.532530 51.601372 0.000000
30.557003 51.650024 -0.000000
30.570080 51.526707 -0.000000
30.603540 51.710545 -0.000000
30.637814 51.763062 -0.000000
30.691488 51.835133 -0.000000
30.775719 50.871937 -0.000000
30.750320 50.777283 0.000000
30.864147 50.751419 0.000000
31.016361 50.770985 0.000000
30.778622 51.918102 0.000000
30.862549 51.992840 0.000000
30.905338 52.027798 -0.000000
30.958437 52.078762 -0.000000
31.175909 50.585060 0.000000
31.192850 50.625851 -0.000000
31.258539 50.544453 -0.000000
31.113852 50.770710 -0.000000
31.167339 50.733707 -0.000000
31.224161 50.696682 -0.000000
31.096312 52.089008 -0.000000
31.138187 52.098400 0.000000
31.133997 52.099331 -0.000000
31.134001 52.100002 -0.000000
31.182533 52.073147 -0.000001
31.325420 50.509186 -0.000000
31.447990 50.518589 -0.000000
31.254025 52.040417 -0.000000
31.319330 52.076077 -0.000000
31.375872 52.116161 -0.000000
31.465559 52.121841 -0.000000
31.663107 50.531479 -0.000000
31.731777 50.569672 -0.000000
31.626043 52.105495 0.000000
31.776743 52.105530 -0.000000
31.795500 50.602303 -0.000000
31.859196 50.632652 -0.000000
31.923975 50.584072 -0.000000
32.251347 50.872551 -0.000000
31.967392 50.542938 -0.000000
31.983107 50.468063 0.000001
31.886885 52.097576 -0.000000
31.926584 52.047134 -0.000000
31.776720 52.112740 -0.000000
31.950809 52.071854 0.000000
32.167217 50.163670 -0.000000
32.226959 50.122456 -0.000000
32.285717 50.078201 -0.000000
32.040478 50.434898 -0.000000
32.091343 50.402130 -0.000000
32.092018 50.220757 0.000000
32.132183 50.302326 -0.000000
32.157372 50.360054 -0.000000
32.073803 50.532509 -0.000000
32.656124 51.964035 -0.000000
32.124401 52.038563 -0.000000
32.211452 52.080650 -0.000000
32.281227 52.108829 -0.000000
32.479912 49.329784 -0.000000
32.507866 49.390041 0.000000
32.403229 49.848892 -0.000000
32.454777 49.936462 -0.000000
32.495361 49.780724 -0.000000
32.354847 50.022976 -0.000000
32.379562 50.128693 -0.000000
32.415607 49.980240 -0.000000
32.339195 52.148338 -0.000000
32.558968 52.324173 -0.000000
32.354649 52.320786 -0.000000
32.554615 49.290085 -0.000000
32.613144 49.372726 -0.000000
32.620399 49.259174 0.000000
32.894444 49.243942 -0.000000
32.715302 49.406639 -0.000000
32.668774 49.489796 0.000000
32.683971 49.467464 0.000000
32.730995 49.617290 -0.000000
32.762371 49.506180 -0.000001
32.573967 49.725716 -0.000000
32.649906 49.673412 -0.000000
32.665867 52.265083 -0.000000
32.615402 52.294270 -0.000000
32.668003 49.490002 0.000000
33.156120 49.131660 -0.000000
33.207062 49.084671 0.000002
33.257858 49.143875 -0.000000
33.307964 49.046940 -0.000000
33.347435 48.948196 -0.000000
33.428555 49.702049 -0.000000
33.467262 48.929337 -0.000000
33.606228 48.945156 -0.000000
33.713505 48.957764 -0.000000
33.795799 48.926003 -0.000000
33.876305 48.894463 -0.000000
33.985950 48.853455 -0.000000
34.111698 48.806244 -0.000000
34.239956 48.757946 -0.000000
34.317783 48.739552 -0.000000
34.333065 48.840969 -0.000000
34.348923 48.937565 0.000000
34.372402 49.068443 0.000000
34.487709 49.102055 -0.000000
34.615448 49.132679 0.000000
35.006477 49.997559 -0.000000
34.743725 49.162331 0.000000
35.206753 49.160168 -0.000000
35.274853 49.112755 0.000000
35.361874 49.062538 -0.000000
35.456142 49.008537 -0.000000
35.505680 48.973015 -0.000000
35.701988 48.980011 0.000000
35.972836 48.988255 -0.000000
36.047359 48.876534 -0.000000
36.091019 48.817562 -0.000000
36.290222 50.298557 -0.000000
35.996174 48.942577 -0.000000
36.258564 48.578087 -0.000000
36.319096 48.569393 -0.000000
36.387867 48.614105 0.000000
36.124325 48.766411 -0.000000
36.171429 48.705639 -0.000000
36.211075 48.646149 -0.000000
36.484901 48.667469 -0.000000
36.618420 48.645710 0.000000
36.729790 48.630539 -0.000000
36.738556 48.622196 0.000000
36.715897 48.727470 -0.000000
36.709469 48.809608 -0.000000
36.776623 48.801449 -0.000000
36.937996 48.789879 -0.000000
37.032337 48.791935 -0.000000
37.105305 48.839443 0.000000
37.193401 48.890511 0.000000
37.305798 48.954914 0.000000
37.406158 49.012081 -0.000000
37.496540 49.061184 0.000000
37.530472 49.144135 -0.000000
32.734516 49.355312 -0.000000
33.005917 49.210251 -0.000000
32.863415 52.250107 0.000000
32.966476 52.274296 -0.000000
33.046146 52.306717 -0.000000
33.101639 49.187744 -0.000000
33.125870 52.339161 -0.000000
33.214016 52.369350 0.000000
33.335346 52.346661 -0.000000
33.430016 52.331383 -0.000000
33.562077 52.309322 -0.000000
33.925182 52.272057 -0.000000
33.697830 52.338093 -0.000000
33.992958 52.221832 0.000000
34.074276 52.165428 -0.000000
33.837223 52.343102 -0.000000
34.235767 51.268887 -0.000000
34.228306 51.421314 -0.000001
34.274239 51.311604 -0.000000
34.283432 51.499630 0.000000
34.145699 51.633404 -0.000000
34.104488 51.679993 0.000000
34.205959 51.588848 -0.000000
34.264687 51.548904 -0.000000
34.268795 51.712307 -0.000000
34.101833 51.789787 -0.000000
34.237896 51.936226 -0.000000
34.320145 51.882389 0.000000
34.107933 52.014301 0.000000
34.176037 51.973724 -0.000000
34.327824 51.256931 -0.000000
34.313763 51.363586 0.000000
34.549965 51.245472 -0.000000
34.417221 51.736912 -0.000000
34.411587 51.826046 -0.000000
34.865105 49.190022 -0.000000
35.147987 50.963905 -0.000000
34.690376 51.173122 -0.000000
34.824677 51.194706 -0.000000
34.647671 51.234463 -0.000000
35.130848 51.215294 -0.000000
34.913986 51.215630 -0.000000
35.080700 49.172459 0.000000
35.399776 50.649960 -0.000000
35.386219 50.919678 -0.000000
35.330280 50.936409 -0.000000
35.151157 51.101353 -0.000000
35.221027 51.046734 -0.000000
35.312336 51.067055 -0.000000
35.470745 50.495361 -0.000000
35.594902 50.359219 -0.000000
35.408699 50.580273 -0.000000
35.457470 50.664471 0.000000
35.491959 50.669861 -0.000000
35.560947 50.456139 0.000000
35.406162 50.825706 -0.000000
35.482471 50.772686 0.000000
35.341438 51.004230 0.000000
35.382267 51.056229 -0.000000
35.408081 51.030239 -0.000000
35.409611 51.029682 -0.000000
35.761833 50.366074 -0.000000
35.790825 50.416237 -0.000000
35.865536 50.430874 -0.000000
36.051273 50.448357 0.000000
36.157055 50.429825 -0.000000
36.221348 50.374172 -0.000000
36.426575 50.314941 0.000000
36.503708 50.300991 -0.000000
36.570438 50.242126 -0.000000
36.574768 50.282604 -0.000000
36.643719 50.214062 -0.000000
37.123722 49.447678 -0.000000
36.689934 50.259090 -0.000000
36.772945 50.290920 -0.000000
36.859779 50.330879 -0.000000
36.999908 50.347385 -0.000000
37.210106 50.365131 0.000000
37.309212 50.411880 0.000000
37.556122 49.226421 -0.000000
37.654106 50.152451 -0.000000
37.453785 50.433819 -0.000000
37.492531 50.354977 0.000000
37.491142 50.452076 0.000000
37.566177 50.317539 0.000000
37.626396 50.304573 0.000000
37.630646 50.248032 0.000000
37.690235 49.217457 -0.000000
37.823620 49.206318 0.000000
37.823456 49.198914 -0.000000
37.851196 49.221188 0.000000
37.875927 49.416996 -0.000000
37.924099 49.275772 -0.000000
37.844090 49.503601 -0.000001
37.732822 50.090519 -0.000000
37.832127 50.070190 -0.000000
37.908634 49.350891 -0.000000
37.923466 49.567356 -0.000000
37.982529 49.610855 -0.000000
37.998966 49.684887 -0.000000
38.033802 49.648254 0.000002
38.043964 49.649918 -0.000000
38.045002 49.650002 -0.000000
38.046001 49.650002 -0.000000
37.957119 49.728672 -0.000000
38.009377 49.782047 -0.000000
38.046680 49.889488 0.000000
38.083458 49.836132 -0.000002
37.911602 50.039776 -0.000000
37.960789 49.982353 0.000000
38.004005 49.961929 -0.000000