7 1 2
8 3 4
9 5 7
15 11 13
14 15 13
9 16 14
17 18 16
28 207 25
208 27 28
32 28 26
42 35 36
37 42 36
38 42 37
39 42 38
44 40 41
48 45 46
42 46 44
50 47 48
57 49 50
57 51 52
57 53 54
60 58 59
57 59 56
57 61 62
64 63 57
92 65 64
92 57 42
31 34 30
69 39 68
72 70 71
73 42 39
74 42 73
76 42 75
42 76 77
42 78 72
86 85 83
88 89 87
92 66 67
97 94 92
81 80 95
88 86 97
98 99 97
102 98 97
102 97 96
101 103 100
102 104 101
102 105 104
107 96 79
102 108 106
102 110 109
102 112 111
113 209 115
102 117 116
102 120 119
122 121 102
121 123 120
122 210 126
122 128 127
122 131 130
122 132 131
122 133 132
135 96 107
122 114 135
158 122 135
155 147 148
152 150 151
155 153 154
139 137 122
144 140 158
159 155 158
165 162 163
168 160 161
170 171 169
159 173 170
174 175 173
159 179 178
181 182 180
159 185 177
194 188 186
188 191 190
194 192 188
183 199 197
183 201 200
204 205 203
217 212 211
214 215 213
218 219 216
220 221 219
223 224 222
225 226 224
228 229 227
230 232 229
231 233 230
233 234 232
235 237 234
236 239 235
239 241 238
240 242 239
239 244 241
245 239 242
243 245 242
245 250 247
245 254 250
257 245 251
252 257 251
253 257 252
265 257 255
258 265 255
265 259 257
261 265 260
268 266 265
267 270 269
268 272 270
274 272 268
275 265 263
268 265 277
278 268 277
279 268 278
282 283 281
285 268 283
286 268 285
292 290 289
293 292 268
294 296 295
297 298 296
304 302 300
304 300 317
307 305 303
308 306 307
311 307 317
311 308 307
288 312 287
317 268 312
314 317 313
316 317 315
319 317 318
321 317 320
323 317 322
326 327 325
328 317 327
330 328 329
331 328 330
332 333 328
335 328 333
334 335 333
328 311 317
338 336 335
339 336 338
342 344 343
345 343 344
347 350 345
351 349 350
352 438 351
357 309 310
360 358 359
311 361 362
311 364 365
369 367 311
372 368 369
373 371 372
559 374 375
559 375 373
379 377 378
382 328 336
366 311 328
340 382 336
341 382 340
384 385 383
386 382 385
387 388 382
389 382 388
392 382 391
393 382 392
398 382 395
400 401 399
401 382 398
403 401 402
404 382 401
405 382 404
406 382 405
407 382 406
446 411 408
446 413 410
418 414 415
418 415 413
643 424 425
643 425 422
643 422 420
643 420 418
427 423 643
643 429 427
450 643 418
356 434 355
438 432 433
438 433 354
438 354 349
3235 439 435
446 438 434
446 434 439
440 443 439
446 441 442
446 442 436
446 437 438
446 448 444
446 408 449
451 446 443
453 446 452
455 456 454
457 446 456
458 446 457
460 446 458
461 462 460
463 464 462
468 462 464
465 468 464
466 468 465
469 468 466
471 474 470
472 474 471
473 474 472
468 474 475
476 468 475
478 468 477
479 468 478
468 479 480
482 468 480
483 468 482
485 468 484
488 468 485
489 468 488
490 494 489
491 494 490
492 494 491
493 494 492
496 494 495
497 500 496
498 500 497
522 514 515
661 516 517
661 517 511
656 518 519
656 519 520
522 520 521
522 513 514
656 523 524
559 534 533
539 537 535
546 540 541
555 542 543
556 544 545
547 548 549
555 550 551
556 555 544
661 552 553
661 553 554
550 554 547
661 550 555
559 530 558
559 558 381
533 531 559
669 560 562
564 382 563
565 382 564
567 562 566
569 562 568
571 562 570
572 573 571
575 562 573
575 573 574
578 575 574
581 578 579
582 575 581
585 575 583
586 575 585
587 575 586
588 589 587
594 595 593
575 590 592
575 592 595
597 575 596
599 575 598
618 613 614
618 614 612
620 615 616
620 616 617
620 617 618
625 621 622
618 622 619
618 619 620
625 623 624
802 627 625
631 628 629
802 629 626
802 630 631
802 633 634
802 636 633
802 606 639
802 639 638
642 430 431
643 431 428
643 641 642
647 450 646
647 643 450
646 446 468
500 498 501
504 651 503
654 506 507
654 507 508
655 651 504
657 653 654
656 654 509
657 655 652
657 652 653
658 657 656
658 494 651
660 658 659
656 509 528
656 528 529
656 525 526
661 656 522
664 659 662
665 664 661
666 660 664
665 661 663
663 661 556
669 561 560
670 561 669
674 671 673
605 675 604
673 601 603
673 603 675
677 673 675
679 673 678
680 681 679
682 673 681
683 684 682
690 673 687
688 691 687
689 691 688
692 693 691
690 691 693
694 690 693
695 690 694
697 698 696
700 701 699
702 703 701
704 703 702
705 703 704
707 703 706
718 715 716
720 717 718
725 721 722
723 725 722
739 725 726
727 739 726
731 728 729
739 729 725
736 732 733
739 736 733
746 741 738
746 738 734
746 743 741
748 744 745
746 745 742
746 749 750
746 750 748
746 713 751
752 739 727
753 739 752
754 755 753
756 739 755
759 756 757
760 739 759
761 739 760
763 739 762
764 739 763
765 766 764
769 739 766
767 769 766
768 771 770
769 770 771
774 769 771
774 771 772
775 772 773
777 778 776
780 782 779
781 782 780
784 782 783
789 782 784
787 790 786
788 790 787
782 769 778
793 794 792
795 791 794
799 800 798
802 799 608
802 803 801
802 804 803
805 808 806
802 811 809
802 812 811
802 813 812
802 815 814
802 816 815
817 818 816
820 819 817
802 821 820
826 645 824
825 822 645
825 645 826
824 645 647
829 827 649
832 650 831
833 665 663
835 660 3237
835 3237 665
838 831 834
839 663 667
840 836 833
1031 839 668
1031 668 841
841 670 672
842 841 672
843 672 674
844 690 703
710 703 709
711 845 710
848 850 847
849 850 848
850 845 846
852 850 851
853 850 852
850 703 845
856 853 855
857 850 856
858 703 850
859 850 857
861 850 860
862 850 861
867 862 863
866 868 865
850 867 868
870 850 868
871 872 870
874 850 872
873 874 872
877 874 875
879 880 878
882 850 874
882 874 877
882 877 880
883 882 880
884 882 883
886 882 885
887 888 882
889 888 887
903 898 892
903 892 894
905 906 904
910 906 907
908 910 907
911 913 910
917 912 909
935 913 914
915 935 914
916 935 915
921 3238 917
919 935 918
935 924 925
935 925 923
935 923 921
935 926 927
934 928 929
894 890 932
935 934 930
935 930 931
938 719 720
945 938 720
945 720 718
945 939 940
945 940 938
945 941 942
945 943 944
950 946 947
945 949 950
951 922 919
945 956 952
957 935 922
958 935 957
945 958 956
936 935 945
960 945 746
959 945 960
1129 959 960
963 769 962
964 790 796
965 790 964
967 968 790
970 971 968
972 962 968
972 968 971
976 962 972
975 972 974
976 963 962
977 975 974
978 976 975
979 976 978
981 976 980
982 986 981
984 986 983
989 987 988
1133 987 989
1133 989 990
1133 990 991
1133 991 992
996 1133 992
997 1133 996
821 999 823
822 1003 1001
822 1005 1003
1004 1009 1006
1016 1013 1014
1004 1014 1012
1004 1018 1015
1133 1019 1020
1133 1020 1017
1133 1017 1004
1133 985 1021
1022 1004 825
828 827 829
1024 829 830
1024 828 829
1141 828 1024
1025 832 831
1026 832 1025
1143 1024 832
1027 831 838
1028 838 836
1025 1028 836
1150 1025 840
1029 840 839
1150 840 1029
1032 839 1031
1033 1031 842
1034 1033 842
1034 842 843
1035 843 690
1036 1035 844
1037 858 882
1038 1037 882
882 888 1039
1040 882 1039
1041 882 1040
1047 1045 1046
1058 1047 1048
1055 1048 1049
1058 1051 1052
1053 1058 1052
1058 1054 1045
1058 1055 1050
1057 1058 1056
1062 1060 1061
1070 1063 1064
1070 1064 1060
1065 1070 1060
3239 1071 1065
1066 1058 1059
1075 1070 1071
1070 1074 1068
1077 1058 1076
1070 1078 1074
1080 1070 1079
1082 1070 1081
1083 1084 1070
1086 1070 1084
1088 1089 1087
1091 1070 1089
1090 1091 1089
1102 1091 1092
1094 1102 1093
1102 1094 1095
1102 1095 1096
1097 1102 1096
1102 1098 1099
1105 1102 1100
1103 1105 1100
902 895 897
902 897 898
1112 1107 1108
1112 1108 1109
1112 1110 900
903 900 902
1114 1113 1112
1118 1117 1112
1120 1118 1112
1124 1112 903
903 933 935
1124 903 935
1124 935 936
1127 936 959
1128 1127 1129
1130 961 963
1131 963 976
1132 1131 976
1133 976 987
1135 1133 1022
1136 1022 1023
1137 1023 828
1139 1136 1137
1142 1141 1024
1140 1137 1141
1143 1142 1024
1144 1143 1026
1146 1026 1025
1148 1147 1025
1149 1146 1148
1151 1146 1149
1153 1146 1151
1154 1152 1150
1154 1150 1030
1032 1030 1029
1158 1157 1156
1156 1033 1034
1159 1035 1161
1162 1161 1036
1162 1159 1161
1163 1036 1037
1102 1070 1091
1167 1166 1102
1106 1102 1105
1169 1102 1168
1171 1174 1170
1175 1174 1173
1176 1174 1175
1178 1174 1177
1180 1174 1179
1182 1183 1184
1182 1184 1185
1195 1187 1188
1195 1188 1189
1195 1189 1190
1195 1191 1192
1195 1192 1193
1195 1193 1182
1196 1174 1187
1208 1185 1203
1208 1203 1204
1208 1204 1205
1200 1206 1199
1209 1200 1201
1207 1209 1201
1208 1206 1200
1208 1200 1209
1197 1208 1211
1213 1197 1211
1214 1197 1213
1197 1195 1208
1218 1197 1217
1219 1197 1218
1220 1197 1219
1224 1197 1222
1224 1222 1223
1226 1224 1225
1227 1224 1226
1229 1224 1228
1231 1233 1230
1237 1242 1236
1239 1242 1238
1240 1242 1239
1241 1242 1240
1249 1126 1112
1251 1249 1112
1251 1112 1124
1256 1252 1253
7 2 1254
7 1254 1255
7 21 9
7 22 21
1251 1257 22
1251 1258 1257
1259 1260 1258
1251 1263 1261
1266 1265 1128
1267 1128 1129
1269 1130 1131
1412 1269 1132
1271 1132 1134
1270 1271 1134
1272 1135 1138
1270 1134 1135
1273 1272 1138
1274 1272 1273
1275 1274 1273
1276 1137 1140
1276 1139 1137
1277 1276 1140
1279 1278 1145
1280 1145 1144
1282 1144 1153
1281 1144 1282
1281 1282 1152
1281 1152 1154
1285 1154 1284
1284 1283 1155
1286 1284 1155
1288 1158 1160
1432 1162 1290
1291 1163 1164
1291 1290 1163
1292 1290 1291
1293 1164 1165
1294 1435 1293
1293 1165 1295
1294 1293 1295
1297 1167 1174
1298 1297 1174
1298 1299 1297
1298 1174 1196
1300 1196 1197
1224 1234 1235
1224 1235 1242
1243 1302 1242
1247 1304 1246
1302 1243 1244
1308 1245 1304
1308 1304 1305
1307 1309 1308
1311 1308 1309
1310 1311 1309
1318 1302 1313
1320 1311 1314
1315 1320 1314
1316 1321 1315
1328 1329 1327
1323 1325 1322
1324 1326 1323
1331 1330 1302
1333 1302 1330
1341 1318 1313
1345 1302 1336
1342 1345 1336
1343 1345 1342
1344 1345 1343
1351 1345 1347
1348 1351 1347
1353 1354 1349
1358 1345 1351
1360 1354 1355
1356 1360 1355
1362 1363 1361
1372 1364 1362
1365 1369 1370
1366 1367 1365
1374 1345 1357
1373 1375 1368
1377 1350 1374
1380 1303 1379
1251 1383 1264
1384 1386 1385
1384 1387 1386
1388 1389 1387
1384 1390 1388
1384 1391 1390
1384 1394 1393
1384 1397 1395
1404 1400 1396
1404 1396 1397
1404 1397 1384
1406 24 1405
1406 1401 1403
1404 1403 1399
32 26 1406
1408 1262 1407
1409 1407 1266
1409 1128 1267
1411 1409 1410
1411 1410 1268
1411 1268 1412
1412 1268 1269
1413 1411 1412
1416 1412 1414
1414 1271 1270
1415 1414 1274
1418 1274 1275
1420 1419 1277
1421 1279 1280
1423 1422 1425
1426 1285 1284
1426 1424 1285
1535 1426 1284
1427 1286 1287
1428 1286 1427
1429 1427 1288
1430 1160 1289
1430 1289 1432
1433 1432 1290
1433 1430 1432
1434 1292 1435
1437 1294 1296
1439 1299 1298
1438 1299 1439
1440 1298 1300
1441 1440 1300
1445 1441 1301
1446 1303 1444
1447 1443 1303
1448 1303 1446
1451 1443 1449
1453 1443 1451
1443 1454 1450
1452 1457 1443
1458 1443 1453
1459 1445 1450
1443 1462 1461
1463 1443 1458
1382 1465 1381
1469 1303 1464
1473 1464 1470
1467 1478 1303
1468 1479 1467
1481 1482 1480
1488 1483 1481
1485 1486 1483
1491 1487 1489
1490 1492 1469
1495 1303 1469
1494 1492 1493
1500 1303 1495
1496 1502 1492
1497 1503 1496
1498 1506 1497
1504 1507 1506
1505 1508 1504
1511 32 1404
1512 32 1511
1514 1513 1408
1515 1408 1409
1514 1408 1515
1516 1515 1409
1517 1411 1413
1518 1516 1411
1657 1516 1518
1519 1517 1413
1520 1519 1416
1660 1519 1520
1521 1415 1417
1522 1417 1418
1522 1418 1419
1523 1419 1420
1524 1420 1421
1525 1524 1421
1529 1526 1527
1530 1526 1529
1530 1529 1527
1532 1531 1530
1532 1530 1528
1532 1526 1531
1528 1424 1426
1534 1528 1533
1533 1426 1535
1538 1537 1536
1539 1429 1430
1536 1428 1429
1678 1536 1539
1541 1430 1431
1542 1539 1541
1540 1431 1433
1543 1541 1540
1546 1544 1292
1546 1292 1434
1436 1546 1434
1548 1547 1436
1549 1436 1294
1550 1549 1437
1548 1436 1549
1548 1549 1550
1550 1437 1438
1553 1440 1441
1689 1553 1554
1555 1441 1445
3240 1441 1555
1558 1557 1441
3240 1559 1441
1560 3240 1555
1560 1561 3240
1555 1562 1560
1564 1441 1556
1566 1564 1565
1569 1567 1568
1564 1566 1567
1574 1567 1571
1572 1574 1571
1573 1574 1572
1633 1564 1574
1576 1564 1633
1463 1580 1579
1577 1582 1459
1578 1582 1577
1581 1584 1580
1587 1445 1582
1592 1590 1582
1586 1596 1585
1598 1445 1587
1599 1592 1593
1594 1599 1593
1595 1600 1594
1604 1599 1600
1601 1605 1600
1602 1570 1563
1604 1612 1603
1610 1616 1609
1620 1604 1605
1622 1605 1613
1614 1622 1613
1626 1623 1624
1627 1626 1624
1615 1575 1573
1620 1629 1619
1631 1620 1621
1576 1633 1635
1637 1576 1635
1638 1639 1637
1640 1641 1639
1642 1576 1641
1643 1576 1642
1650 1576 1645
1646 1650 1645
1647 1651 1646
1648 1651 1647
1649 1651 1648
107 79 1512
1779 107 1512
1655 1512 1511
1780 1655 1654
1654 1514 1515
1656 1515 1516
1658 1518 1517
1659 1657 1518
1659 1518 1658
1660 1658 1519
1661 1658 1660
1662 1659 1658
1663 1661 1660
1664 1663 1521
1665 1521 1417
1664 1521 1665
1666 1665 1667
1667 1522 1523
1667 1523 1524
1669 1667 1668
1671 1668 1670
1673 1670 1672
1672 1526 1532
1674 1532 1534
1674 1534 1676
1538 1533 1537
1676 1533 1538
1677 1676 1538
1679 1538 1536
1679 1536 1678
1542 1679 1678
1678 1539 1542
1681 1545 1546
1682 1546 1547
1832 1682 1548
1685 1832 1548
1688 1686 1552
1687 1683 1686
1688 1552 1689
1576 1554 1564
1690 1554 1576
1692 1690 1691
1694 1690 1692
1693 1689 1690
1695 1693 1690
1653 1696 1652
1697 1651 1696
1698 1576 1650
1699 1650 1651
1701 1651 1697
1702 1576 1698
1705 1576 1702
1704 1706 1703
1712 1576 1705
1714 1707 1708
1709 1714 1708
1710 1715 1709
1717 1713 1706
1714 1722 1717
1714 1725 1722
1727 1576 1719
1724 1719 1723
1714 1731 1725
1726 1734 1576
1729 1719 1728
1714 1738 1737
1739 1714 1732
1691 1576 1733
1719 1740 1727
1736 1719 1735
1714 1744 1738
1719 1746 1741
1743 1749 1742
1739 1751 1750
1748 1755 1747
1756 1719 1749
1756 1764 1748
1767 1758 1759
1760 1767 1759
1761 1768 1760
1762 1769 1761
1772 1714 1718
1773 1774 1772
1775 1714 1774
1732 1714 1775
1778 1739 1777
2151 1779 1655
2151 1655 1780
1781 2151 1780
1784 2153 1782
1784 1782 1656
1783 1657 1659
1785 1662 1661
1787 1661 1663
1788 1785 1787
1790 1664 1665
1791 1790 1666
1791 1664 1790
1792 1666 1667
2164 1791 1792
1793 1792 1667
1794 1793 1669
1794 1669 1671
1796 1670 1673
1800 1673 1799
1802 1797 1675
1803 1675 1674
1803 1674 1804
1807 1677 1806
1808 1679 1542
1809 1806 1808
1807 1806 1809
1810 1542 1543
1811 1808 1542
1814 1810 1680
1814 1680 1813
1813 1681 1815
1831 1816 1817
1837 1816 1833
1685 1844 1841
1845 1850 1844
1851 1685 1847
1848 1816 1840
1846 1854 1845
1684 1856 1852
1861 1816 1848
1853 1861 1848
1685 1864 1863
1866 1685 1855
1862 1816 1861
1865 1869 1864
1866 1870 1685
1868 1872 1867
1871 1874 1870
1871 1883 1874
1875 1884 1871
1878 1876 1877
1879 1876 1878
1880 1876 1879
1881 1876 1880
1882 1816 1872
1875 1887 1884
1886 1816 1885
1891 1893 1890
1876 1894 1892
1901 1876 1889
1896 1816 1893
1876 1900 1895
1898 1896 1897
1901 1905 1900
1907 1901 1932
1684 1911 1908
1909 1912 1684
1910 1913 1909
1684 1914 1910
1684 1917 1916
1919 1920 1918
1687 1921 1919
1687 1926 1921
1923 1889 1922
1924 1889 1923
1925 1930 1924
1929 1931 1928
1932 1889 1930
1687 1935 1929
1934 1932 1933
1938 1942 1932
1939 1942 1938
1945 1941 1942
1949 1942 1947
1950 1949 1947
1953 1687 1688
1952 1960 1688
1962 1969 1953
1961 1966 1960
1963 1969 1962
1964 1969 1963
1972 1969 1964
1970 1972 1964
1971 1972 1970
1975 1972 1974
1687 1977 1940
1687 1979 1978
1687 1981 1980
1983 1687 1969
1985 1688 1689
1952 1688 1985
1989 1952 1985
1985 1991 1990
1985 1993 1991
1992 1976 1975
1996 1999 1995
1986 2000 1997
1998 1972 1976
1986 2004 2000
2002 1972 2001
2003 1972 2002
1986 2008 2005
2010 1972 2009
2017 2012 1986
2018 2017 1986
2020 2019 1695
2021 1693 2019
2023 2021 2022
2025 1695 1690
1695 2032 2024
2035 1695 2025
1690 2036 2026
2038 1689 1693
2033 2039 1693
1695 2040 2034
2041 1695 2035
1690 2042 2037
2044 2038 2039
2041 2045 2040
2027 2048 2043
1987 1986 2038
2047 2051 2046
2047 2053 2052
2027 2056 2048
2050 2057 2049
2059 2053 2054
2064 2065 2063
2067 2060 2027
2061 2068 2038
2071 2069 2070
2076 2074 2075
2067 2078 2065
2081 2067 2027
2073 2083 2082
2085 1987 2082
2086 2083 2084
2097 2085 2095
2098 2085 2083
1987 2100 2092
2104 1987 2093
2097 2105 2096
2101 2006 1986
1987 2106 2103
2104 2107 1987
2108 2112 2107
2114 2110 2111
2115 2013 2110
2117 1766 1767
1769 2119 1768
1771 2120 1770
2118 2027 2116
2120 2125 1769
2122 2126 2121
2131 2130 2129
2120 2132 2125
2126 2137 2120
2140 2126 2127
2128 2140 2127
2129 2027 2123
2136 2143 2135
2144 2027 2142
2146 2027 2144
2148 2027 2145
2149 2027 2147
157 158 2150
2153 1781 1780
2154 2153 1784
2155 1781 2154
2157 2154 1784
2157 2155 2154
2159 2156 2158
2158 1783 1786
2160 2158 1786
2160 1786 1788
2161 1788 1789
2325 2161 2162
2163 1789 1791
2165 2163 2164
1793 2164 1792
2166 2164 1793
2168 1793 1794
2168 1794 2167
2167 1794 1795
2169 2167 2170
2172 1796 2171
2171 1796 2174
3241 2171 2175
2176 2171 3241
2177 2172 2176
2177 2176 2173
2178 2173 1803
2178 1803 2180
2180 1804 1805
2182 2180 1805
2181 1805 1807
2184 1807 1809
2183 2184 1809
2185 2183 1812
2186 1812 1814
2188 2187 1815
2190 2188 2189
1903 1896 1902
1901 2193 1905
2195 1906 1907
2191 1896 1903
2192 1896 2191
2199 1896 2198
2200 1896 2199
1896 2201 2202
2190 2189 1896
2204 2190 1896
2205 1896 2203
2206 1896 2205
2221 1896 2208
2209 2221 2208
2212 2210 2211
2214 2212 2213
2215 2234 2214
2216 2234 2215
2217 2223 2216
2218 2223 2217
2219 2223 2218
2228 2221 2227
2210 2231 2221
2234 2210 2212
2235 2223 2224
2225 1896 2221
2234 2236 2233
2234 2223 2235
2240 2238 2237
2241 2240 2234
2241 2244 2242
2234 2247 2245
2234 2251 2248
1983 2253 1982
2258 2253 2254
2261 2259 2258
2262 2254 2255
2258 2264 2260
2267 2263 2256
2267 2256 1972
2273 2267 2268
2267 2276 2271
2278 2272 2273
2277 2281 2272
2283 2234 2235
2284 2234 2283
2286 2287 2285
2243 2234 2289
2290 2243 2289
2293 2243 2292
2297 1972 2014
2300 2298 2299
2301 2296 2297
2302 1972 2296
2305 2268 2269
2307 157 2152
2307 183 157
2308 183 2307
2309 2308 2307
2310 2307 1781
2313 2311 2310
2314 2313 2310
2315 2314 2312
2310 1781 2155
2317 2310 2155
2319 2312 2310
2317 2155 2157
2322 2321 2159
2323 2159 2158
2322 2159 2323
2324 2322 2323
2325 2160 2161
2326 2160 2325
2327 2323 2160
2328 2325 2162
2329 2326 2328
2328 2162 2165
2331 2328 2165
2330 2328 2331
2165 2164 2166
2331 2165 2166
2504 2331 2332
2333 2168 2169
2335 2334 2169
2338 2335 2336
2339 2336 2337
2179 2177 2173
2337 2336 2340
2532 2179 2178
2341 2337 2340
2341 2340 2179
2337 2341 2532
2343 2532 2342
2343 2342 2344
2344 2180 2182
2345 2344 2181
2349 2185 1812
2348 2184 2185
2349 2348 2185
2349 1812 2186
2351 2349 2186
2352 2187 2188
2353 2352 2188
2354 2190 2204
2356 2204 2355
2234 2357 2251
2234 2361 2357
2355 2249 2358
2359 2355 2358
2360 2355 2359
2234 2366 2365
2355 2204 2249
2234 2369 2366
2367 2355 2363
2243 2374 2370
2372 2355 2371
2373 2355 2372
2381 2355 2379
2380 2381 2379
2382 2383 2381
2385 2381 2383
2384 2385 2383
2388 2389 2387
2355 2385 2389
2391 2355 2390
2394 2396 2243
2395 2396 2394
2397 2243 2396
2400 2378 2377
2402 2243 2397
2403 2397 2398
2401 2403 2398
2243 2406 2400
2404 2410 2403
2409 2411 2408
2412 2355 2392
2413 2393 2355
2414 2393 2413
2308 2419 204
2420 2422 2421
2423 2424 2420
2308 2425 2423
2428 2430 2429
2431 2432 2428
2309 2434 2431
2439 2316 2312
2440 2438 2314
2444 2311 2442
2445 2309 2443
2448 2309 2446
2449 2309 2447
2437 2309 2449
2451 2449 2450
2452 2312 2318
2454 2457 2456
2455 2458 2454
2455 2459 2458
2460 2461 2455
2317 2465 2462
2317 2467 2466
2468 2317 2463
2317 2469 2467
2470 2471 2469
3243 2468 2463
2468 2472 2470
2474 2476 2473
2475 2477 2474
2478 2475 3243
2478 2479 2475
2478 2480 2479
2482 2483 2481
2484 2317 2321
2487 2317 2484
2488 2463 2317
2489 2487 2484
2478 3243 2488
2478 2488 2486
2478 2486 3244
2617 2487 2489
2490 2489 3245
2617 2478 2487
2491 2484 2322
2492 2485 2484
2494 2484 2491
2497 2494 2495
2497 2495 2491
2499 2491 2324
2498 2496 2493
2499 2498 2494
2500 2324 2327
2501 2326 2329
2502 2501 2329
2502 2329 2330
2503 2330 2331
2334 2332 2333
2507 2504 2334
3246 2507 2334
2505 2504 2507
2510 3246 2509
2506 2505 3246
2506 3246 2510
2512 2509 2508
2506 2510 2511
2506 2511 2512
2513 2508 2334
2513 2334 2335
2517 2508 2513
2517 2513 2514
2518 2514 2515
2512 2508 2517
2521 2519 2520
2521 2512 2519
2516 2335 2338
2525 2338 2339
2527 2516 2522
2528 2523 2524
2528 2524 2525
2529 2525 2526
2521 2527 2523
2530 2528 2529
2532 2531 2337
2534 2533 2532
2530 2526 2533
2530 2529 2526
2535 2534 2532
2536 2343 2345
2538 2345 2347
2537 2345 2538
2540 2538 2347
2541 2540 2539
2351 2350 2349
2539 2348 2350
2542 2350 2351
2542 2539 2350
2544 2542 2351
2543 2351 2352
2546 2545 2354
2547 2354 2356
2548 2356 2355
2550 2355 2393
2550 2548 2355
2567 2550 2393
2580 2550 2551
2416 2393 2415
2553 2393 2552
2554 2393 2553
2557 2393 2555
2559 2557 2558
2393 2557 2559
2561 2393 2559
2563 2393 2562
2564 2566 2393
2565 2566 2564
2571 2393 2566
2571 2566 2568
2569 2571 2568
2573 2571 2572
2576 2567 2570
2576 2570 2571
2574 2577 2571
2575 2577 2574
2578 2579 2577
2580 2576 2571
2581 2577 2579
2580 2551 2576
2583 2571 2577
2585 2577 2581
2586 2583 2584
2589 2580 2583
2594 3247 2593
2597 2595 3248
2597 3248 2594
2599 2596 2597
2601 2598 2599
2605 2600 2601
2605 2602 2603
2605 2606 2604
2608 2607 2605
2478 2590 2482
2478 2610 2590
2611 2613 2610
2617 2612 2615
2593 2592 2616
2593 2616 2617
2605 2597 2594
2620 2499 2500
2621 2502 2623
2623 2502 2330
2623 2330 2503
2625 2623 2503
2626 2503 2504
2628 2626 2506
2629 2512 2521
2630 2629 2521
2631 2534 2535
2634 2536 2537
2635 2632 2634
2635 2634 2636
2636 2634 2637
2638 2538 2540
2640 2541 2542
2641 2544 2543
2642 2639 2641
2723 2641 2643
2644 2643 2546
2646 2644 2645
2645 2546 2547
2647 2645 2549
2648 2549 2550
2650 2580 2587
2652 2649 2650
2655 2650 2587
2656 2580 2651
2658 2580 2656
2660 2657 2659
2664 2580 2657
2664 2657 2660
2661 2662 2660
2663 2664 2662
2664 2648 2580
2665 2664 2663
2666 2664 2665
2669 2664 2666
2605 2673 2609
2676 2674 2605
2605 2679 2678
2605 2680 2679
2605 2681 2680
2682 2681 2605
2683 2682 2605
2684 2686 2683
2691 2687 2688
2695 2605 2618
2696 2619 2620
2697 2694 2696
2697 2696 2620
2699 2697 2622
2624 2622 2621
2698 2622 2624
2700 2624 2625
2701 2700 2625
2791 2700 2701
2702 2625 2626
2702 2626 2628
2703 2702 2628
2703 2628 2629
2705 2703 2629
2707 2629 2630
2706 2705 2707
2709 2707 2708
2708 2630 2631
2711 2708 2710
2712 2710 2635
2713 2710 2712
2717 2635 2636
2719 2638 2541
2721 2640 2639
2720 2719 2640
2722 2721 2642
2723 2642 2641
2722 2642 2723
2723 2643 2644
2646 2723 2644
2726 2646 2725
2727 2648 2664
2726 2725 2647
2726 2647 2727
2815 2726 2727
2730 2664 2670
2731 2670 2672
2733 2664 2730
2734 2664 2732
2736 2664 2734
2737 2727 2735
2738 2727 2737
2739 2727 2738
2741 2727 2739
2743 2727 2741
2745 2742 2743
2746 2727 2742
2747 2746 2742
2748 2727 2746
2750 2727 2748
2752 2727 2749
2756 2757 2755
2768 2762 2693
2768 3249 2764
2768 2764 2762
2684 2768 2691
2758 2756 2767
2758 2760 2759
2766 2770 2758
2766 2771 2770
2768 2773 2772
2768 2774 2773
2768 2776 2775
2768 2778 2777
2768 2779 2778
2781 2780 2768
2782 2781 2768
2783 2768 2769
2782 2785 2781
2769 2684 2695
2786 2769 2694
2789 2699 2698
2790 2624 2700
2795 2703 2705
2794 2704 2795
2797 2706 2709
2798 2709 2711
2799 2711 2714
2800 2799 2714
2803 2716 2712
2804 2712 2717
2805 2804 2718
2808 2718 2719
2806 2805 2808
2892 2808 2720
2809 2892 2720
2809 2720 2722
2810 2722 2724
2812 2646 2726
2816 2812 2726
2814 2812 2816
2821 2818 2819
2824 2818 2820
2825 2822 2823
2828 2818 2822
2829 2826 2827
2831 2899 2830
2832 2729 2752
2833 2729 2832
2835 2836 2834
2837 2818 2836
2839 2818 2837
2840 2818 2839
2782 2841 2785
2782 2843 2842
2783 2844 2782
2783 2845 2844
2783 2847 2846
2783 2849 2848
2783 2850 2849
2852 2853 2851
2852 2854 2853
2783 2855 2852
2783 2858 2857
2860 2861 2859
2860 2863 2862
2869 2786 2787
2949 2869 2870
2870 2787 2788
2873 2788 2789
2875 2873 2789
2875 2789 2790
2874 2790 2792
2879 2794 2796
2880 2796 2797
2883 2798 2799
2881 2797 2798
2882 2881 2798
2884 2883 2802
2886 2883 2884
2887 2886 2884
2887 2884 2885
2885 2802 2889
2890 2889 2807
2890 2807 2806
2891 2806 2892
2895 2893 2809
2894 2809 2810
2896 2894 2811
2897 2811 2813
2898 2897 2900
2901 2816 2899
2902 2900 2901
2903 2899 2831
2905 2899 2903
2906 2899 2905
2908 2906 2907
2909 2899 2908
2911 2899 2909
2912 2899 2911
2914 2912 2913
2916 2899 2912
2917 2899 2915
2918 2899 2917
2919 2899 2918
2922 2901 2920
2925 2901 2921
2929 2923 2924
2868 2930 2865
2868 2931 2930
2868 2932 2931
2868 2934 2932
2868 2935 2934
2868 2937 2936
2868 2938 2937
2868 2939 2938
2940 2942 2941
2943 2945 2944
2943 2946 2945
2949 2867 2869
2950 2867 2949
2948 2949 2871
2951 2948 2872
2952 2872 2873
2953 2951 2872
2955 2952 2876
2954 2876 2874
2956 2877 2878
2957 2878 2794
3034 2956 2957
2959 2879 2880
2958 2957 2959
2960 2959 2881
2961 2881 2882
2963 3250 2962
2963 2888 3250
2965 2882 2888
2966 2885 2890
2968 2890 2891
2968 2966 2890
2967 2966 2968
2970 2969 2893
2973 2972 2971
2974 2894 2896
2974 2971 2894
2898 2896 2897
3053 2974 2898
3053 2898 2975
2976 2975 2902
2977 2901 2925
2978 2926 2927
2979 2927 2928
2929 2979 2928
2981 2978 2979
2983 2980 2982
2984 2902 2983
2985 2902 2984
2986 2902 2985
2989 2902 2987
2990 2902 2988
2992 2976 2991
2993 2976 2992
2995 2976 2994
2943 2996 2947
2943 2997 2996
2943 3000 2999
3001 3003 3000
2998 3006 3001
2998 3008 3007
2998 3011 3009
3013 3015 3012
3014 3017 3013
2998 3018 3014
2998 3019 3018
3022 3024 3023
3028 2998 2950
3028 3020 2998
3027 3028 2950
3026 3022 3028
3030 2953 2952
3029 3027 2951
3030 2952 2955
3031 2955 3032
3032 2877 2956
3037 2958 2959
3038 3036 2958
3037 2959 2960
3039 3037 2960
3041 2961 3040
3042 2965 2964
3040 2961 2965
3043 3042 2964
3045 3044 3043
3125 3041 3040
3046 3043 2967
3047 2967 2968
3048 3046 2967
3047 2969 2970
3047 2968 2969
3049 3047 2970
3050 2970 2972
3134 3050 2973
3052 3051 2974
3052 3053 3054
3140 3052 3054
3055 2975 2976
3054 3053 2975
3058 3055 3056
3059 2976 2995
3061 2976 3059
3063 2976 3061
3064 3061 3062
3065 3061 3064
3066 3063 3065
3069 3067 3063
3071 3055 3067
3074 3055 3070
3076 3055 3072
3078 3075 3076
3080 3055 3075
3083 3028 3027
3028 3084 3081
3086 3084 3028
3028 3088 3086
3089 3090 3088
3094 3028 3083
3028 3092 3091
3094 3095 3093
3096 3098 3094
3083 3100 3096
3083 3102 3100
3101 3103 3083
3083 3105 3101
3083 3106 3105
3109 3251 3110
3113 3027 3029
3114 3112 3111
3116 3029 3030
3177 3113 3116
3117 3030 3031
3119 3117 3033
3118 3032 3035
3120 3118 3035
3121 3035 3036
3124 3038 3039
3124 3122 3038
3128 3125 3045
3252 3045 3127
3129 3128 3127
3129 3125 3128
3131 3127 3046
3207 3048 3132
3132 3047 3049
3136 3051 3052
3141 3138 3140
3143 3054 3057
3145 3054 3142
3147 3152 3146
3148 3152 3147
3149 3152 3148
3150 3152 3149
3151 3152 3150
3153 3152 3151
3154 3152 3153
3156 3152 3154
3158 3155 3157
3159 3152 3158
3115 3160 3114
3113 3161 3115
3113 3164 3162
3113 3167 3166
3113 3168 3167
3177 3171 3169
3177 3175 3173
3177 3179 3176
3177 3182 3180
3177 3184 3183
3187 3177 3178
3177 3185 3184
3190 3189 3117
3191 3190 3119
3195 3192 3193
3194 3191 3192
3198 3124 3123
3198 3197 3124
3198 3123 3126
3200 3126 3129
3200 3129 3130
3201 3130 3131
3202 3200 3201
3204 3200 3202
3205 3201 3131
3206 3203 3205
3207 3205 3048
3206 3205 3207
3208 3207 3132
3211 3208 3209
3210 3133 3135
3212 3135 3137
3139 3212 3137
3210 3135 3212
3213 3139 3138
3333 3212 3139
3213 3138 3141
3214 3213 3141
3215 3152 3159
3216 3152 3215
3217 3152 3216
3219 3152 3217
3220 3152 3219
3221 3152 3220
3224 3218 3223
3225 3218 3224
3227 3218 3225
3228 3218 3227
3229 3218 3228
3230 3218 3229
3231 3218 3230
3232 3218 3231
3233 3223 3222
3178 3253 3188
3178 3188 3187
3178 3255 3254
3178 3256 3255
3178 3258 3257
3259 3260 3258
3261 3263 3259
3264 3259 3178
3266 3267 3264
3178 3269 3268
3271 3272 3270
3275 3271 3178
3275 3278 3276
3275 3280 3279
3283 3178 3189
3286 3285 3283
3290 3285 3286
3283 3291 3287
3294 3295 3293
3284 3283 3190
3296 3284 3191
3297 3284 3296
3303 3298 3299
3296 3304 3300
3306 3283 3284
3308 3301 3302
3310 3307 3301
3296 3312 3309
3296 3316 3313
3296 3191 3194
3317 3194 3195
3305 3296 3194
3317 3318 3319
3320 3196 3197
3319 3318 3320
3320 3197 3198
3322 3321 3198
3321 3320 3198
3323 3199 3324
3324 3199 3204
3326 3324 3325
3326 3325 3204
3328 3326 3203
3427 3326 3328
3331 3206 3208
3329 3206 3331
3330 3329 3331
3334 3211 3212
3334 3332 3211
3437 3333 3335
3437 3334 3333
3335 3139 3213
3226 3213 3214
3336 3213 3226
3337 3218 3232
3338 3218 3337
3340 3218 3338
3339 3218 3340
3441 3336 3226
3341 3441 3339
3342 3343 3339
3344 3339 3343
3345 3339 3344
3346 3339 3345
3347 3339 3346
3348 3339 3347
3349 3339 3348
3350 3339 3349
3351 3339 3350
3352 3339 3351
3353 3339 3352
3275 3356 3281
3362 3282 3275
3282 3358 3357
3282 3359 3358
3367 3285 3288
3370 3285 3367
3371 3362 3366
3373 3285 3370
3371 3374 3362
3372 3375 3366
3376 3372 3285
3377 3285 3373
3376 3380 3372
3384 3369 3294
3385 3294 3314
3305 3388 3386
3305 3389 3388
3392 3393 3391
3394 3392 3390
3399 3305 3317
3400 3390 3305
3400 3394 3390
3409 3401 3305
3412 3410 3411
3415 3413 3414
3409 3416 3414
3416 3398 3397
3409 3417 3416
3409 3418 3417
3409 3421 3419
3422 3399 3317
3423 3319 3320
3323 3425 3322
3490 3425 3323
3427 3327 3326
3428 3324 3327
3429 3428 3427
3430 3431 3428
3430 3428 3429
3431 3323 3428
3429 3427 3328
3434 3432 3433
3433 3331 3332
3436 3433 3332
3436 3332 3435
3439 3437 3335
3439 3335 3336
3354 3341 3353
3355 3443 3354
3444 3341 3443
3445 3341 3444
3446 3341 3445
3447 3449 3341
3448 3449 3447
3451 3452 3449
3453 3449 3452
3456 3341 3454
3457 3455 3341
3457 3341 3456
3460 3455 3459
3461 3442 3460
3466 3463 3464
3466 3468 3467
3409 3473 3421
3485 3409 3399
3478 3476 3485
3480 3477 3478
3482 3479 3480
3485 3482 3480
3485 3483 3482
3464 3462 3484
3485 3469 3466
3485 3470 3469
3485 3471 3470
3485 3472 3471
3486 3422 3424
3553 3485 3422
3553 3422 3486
3426 3424 3423
3488 3424 3426
3489 3486 3488
3491 3426 3490
3492 3491 3490
3493 3490 3323
3492 3490 3493
3493 3323 3431
3494 3431 3429
3496 3494 3429
3496 3493 3431
3496 3431 3494
3497 3496 3495
3498 3429 3432
3499 3429 3498
3499 3495 3429
3500 3498 3434
3501 3434 3433
3505 3435 3438
3506 3436 3435
3507 3506 3505
3509 3440 3510
3514 3442 3461
3515 3442 3514
3516 3442 3515
3517 3442 3516
3518 3442 3517
3519 3442 3518
3521 3442 3519
3522 3442 3521
3523 3442 3522
3524 3442 3523
3525 3442 3524
3526 3442 3525
3527 3442 3526
3529 3512 3528
3485 3530 3472
3535 3533 3485
3540 3535 3485
3536 3539 3537
3540 3536 3535
3542 3539 3540
3543 3545 3544
3540 3546 3543
3540 3548 3546
3540 3549 3548
3625 3540 3553
3554 3487 3489
3555 3491 3492
3555 3489 3491
3627 3489 3555
3557 3492 3493
3556 3557 3493
3557 3555 3492
3556 3493 3497
3559 3558 3497
3497 3495 3499
3632 3559 3560
3562 3563 3564
3564 3503 3506
3565 3564 3507
3566 3508 3509
3567 3566 3509
3567 3509 3568
3569 3513 3512
3570 3513 3569
3573 3513 3571
3575 3511 3572
3576 3511 3574
3578 3511 3577
3582 3511 3578
3583 3511 3580
3588 3512 3529
3591 3569 3590
3596 3594 3595
3599 3597 3598
3604 3600 3601
3605 3602 3603
3609 3606 3607
3618 3611 3612
3613 3615 3616
3621 3619 3618
3689 3620 3621
3593 3532 3552
3540 3552 3550
3604 3595 3593
3604 3593 3540
3625 3553 3487
3626 3625 3624
3629 3628 3627
3627 3554 3489
3629 3627 3630
3630 3555 3557
3631 3630 3556
3633 3556 3632
3634 3631 3556
3635 3633 3632
3636 3634 3635
3637 3560 3561
3638 3637 3711
3562 3504 3563
3639 3561 3504
3711 3561 3639
3641 3562 3564
3641 3564 3565
3642 3565 3566
3642 3566 3567
3644 3567 3568
3646 3586 3587
3649 3568 3645
3652 3568 3648
3654 3652 3653
3655 3568 3652
3658 3655 3656
3661 3644 3659
3663 3644 3661
3664 3644 3662
3665 3644 3664
3667 3665 3666
3668 3644 3665
3673 3671 3672
3690 3674 3675
3690 3675 3673
3685 3677 3678
3685 3678 3679
3748 3679 3680
3748 3680 3690
3682 3686 3681
3685 3683 3684
3683 3688 3687
3690 3689 3618
3690 3618 3613
3690 3694 3695
3690 3695 3692
3670 3669 4355
3672 4355 3690
3698 3690 3604
3748 3690 3698
3698 3604 3623
3778 3698 3699
3699 3623 3625
3699 3625 3626
3700 3699 3626
3701 3626 3628
3702 3701 3629
3700 3626 3701
3703 3629 3631
3705 3636 3635
3706 3631 3634
3707 3703 3706
3708 3707 3706
3705 3635 3632
3709 3632 3638
3706 3705 3709
3708 3706 3709
3708 3709 3638
3710 3638 3711
3713 3711 3639
3714 3713 3640
3717 3642 3643
3717 3715 3642
3716 3715 3717
3720 3644 3719
3721 3644 3720
3723 3644 3721
3724 3644 3722
3728 3643 3644
3727 3644 3724
3730 3644 3726
3731 3728 3644
3733 3644 3729
3734 3731 3732
3736 3735 3731
3738 3728 3735
3741 3728 3737
3742 3728 3740
3743 3728 3742
3745 3644 3668
3747 3688 3685
3747 3750 3749
3748 3752 3750
3748 3753 3752
3748 3755 3753
3748 3756 3755
3748 3758 3757
3748 3760 3759
3748 3764 3763
3770 3766 3765
3770 3767 3766
3770 3748 3698
3770 3769 3768
3772 3770 3698
3770 3774 3771
3770 3775 3774
3780 3779 3777
3783 3779 3780
3777 3778 3699
3777 3699 3700
3785 3777 3700
3786 3785 3700
3791 3777 3785
3700 3792 3787
3796 3788 3789
3793 3797 3792
3798 3799 3793
3896 3700 3784
3784 3700 3701
3784 3701 3702
3802 3801 3704
3801 3784 3702
3802 3704 3803
3807 3804 3805
3807 3805 3806
3808 3708 3710
3809 3806 3708
3809 3708 3808
3810 3710 3712
3811 3810 3712
3808 3710 3810
3812 3811 3814
3813 3714 3715
3818 3716 3717
3821 3819 3817
3824 3820 3823
3827 3822 3824
3828 3821 3825
3816 3815 3818
3830 3818 3819
3832 3818 3830
3817 3717 3728
3743 3833 3728
3834 3817 3833
3835 3836 3834
3838 3817 3836
3842 3817 3837
3844 3840 3841
3846 3817 3840
3847 3817 3845
3848 3820 3847
3770 3850 3776
3770 3851 3850
3770 3855 3854
3856 3858 3855
3857 3859 3770
3857 3860 3859
3772 3861 3857
3862 3865 3861
3867 3868 3866
3871 3778 3781
3872 3781 3779
3874 3871 3781
3875 3778 3870
3878 3778 3875
3879 3772 3778
3880 3778 3877
3882 3778 3880
3885 3879 3881
3883 3869 3864
3887 3884 3879
3884 3889 3886
3887 3890 3884
3891 3887 3879
3892 3879 3888
3891 3893 3887
3896 3897 3895
3898 3896 3784
3898 3899 3896
3900 3898 3784
3905 3900 3901
3903 3906 3902
3904 3907 3903
3909 3911 3908
3915 3784 3913
3784 3918 3914
3920 3923 3922
3800 3927 3920
3800 3929 3927
3928 3930 3800
3931 3800 3924
3921 3932 3928
3800 3934 3933
3936 3939 3935
3940 3941 3936
3944 3945 3943
3989 3951 3949
3924 3800 3801
3924 3957 3955
3959 3800 3931
3961 3963 3960
3964 3937 3800
3801 3966 3961
3801 3968 3967
3801 3969 3968
3974 3971 3970
3972 3974 3801
3972 3801 3802
3975 3947 3973
3983 3974 3972
3950 3948 3975
3976 3950 3975
3977 3979 3976
3985 3982 3983
3989 3950 3979
3988 3989 3979
3983 3989 3984
3990 3972 3802
3991 3807 3806
3992 3804 3807
4356 3807 3991
3993 3990 4356
3994 4356 3809
3995 3994 3809
3996 3809 3808
3995 3809 3996
3997 3810 3811
3997 3996 3808
4000 3812 3999
4002 4001 3816
4016 4002 3816
4006 3818 3831
4007 4005 4006
4008 3816 4004
4009 3816 4008
4010 3816 4009
4013 3816 4011
4014 4011 4012
4015 3816 4013
4017 4016 4015
4019 4016 4017
4020 4016 4019
4021 4022 4020
4026 4016 4022
4028 4024 4025
4031 4016 4027
4034 3952 3953
4034 3953 3989
4035 4033 4034
4040 4036 4037
4040 4037 3989
3989 4039 4040
4043 4042 3989
4045 4044 3989
4047 4045 3989
4049 4048 4047
4047 4052 4051
4054 3989 3972
4055 3989 4054
4058 3989 4055
4060 3989 4057
4062 3989 4059
4064 3989 4061
4067 3989 4064
4068 3989 4066
4069 3989 4068
4158 4047 3989
4071 3989 4069
4074 3972 3990
3972 4077 4073
4079 4081 4078
4082 4083 4079
4074 4084 4082
4074 4085 4084
4074 4088 4086
4087 4089 4074
4087 4091 4089
4092 4093 4087
4080 4095 4092
4096 4097 4095
4101 4100 3995
4102 3990 4100
4103 4075 4101
4105 3995 3996
4106 4101 3995
4107 4105 3996
3998 3996 3997
4108 4107 3998
4109 3998 3812
4108 3998 4109
4109 3812 4000
4111 4109 4000
4113 4111 4112
4115 4001 4002
4118 4115 4002
4121 4115 4117
4122 4115 4120
4124 4115 4122
4125 4115 4123
4127 4000 4125
4131 4000 4127
4133 4130 4131
4135 4000 4129
4138 4000 4134
4139 4000 4136
4141 4000 4137
4142 4136 4140
4144 4003 4029
4053 4146 4052
4047 4149 4147
4047 4150 4149
4047 4151 4150
4152 4153 4151
4159 4158 4071
4160 4158 4159
4164 4161 4162
4166 4047 4161
4167 4165 4166
4168 4154 4165
4170 4154 4168
4173 4155 4170
4172 4157 4156
4178 4172 4177
4175 4176 4174
4179 4172 4173
4175 4180 4176
4080 4182 4099
4186 4080 4075
4103 4188 4104
4184 4183 4182
4190 4184 4185
4103 4191 4188
4103 4193 4192
4198 4199 4197
4200 4202 4201
4205 4206 4204
4106 4208 4207
4106 4210 4208
4212 4213 4211
4106 4214 4212
4216 4217 4215
4106 4218 4216
4220 4222 4219
4223 4220 4209
4223 4225 4220
4227 4107 4108
4228 4110 4230
4232 4111 4113
4233 4231 4232
4234 4111 4231
4237 4111 4234
4239 4111 4236
4241 4110 4111
4242 4111 4238
4243 4240 4241
4230 4110 4240
4245 4240 4243
4360 4240 4245
4249 4240 4246
4250 4230 4248
4252 4230 4250
4253 4251 4252
4255 4230 4251
4256 4230 4254
4259 4230 4256
4209 4260 4226
4209 4263 4262
4221 4264 4209
4227 4265 4221
4227 4268 4266
4267 4269 4227
4227 4272 4270
4274 4227 4229
4274 4276 4273
4280 4279 4228
4277 4278 4274
4283 4281 4280
4283 4285 4282
4283 4286 4285
4283 4287 4286
4296 4228 4294
4299 4228 4295
4300 4297 4298
4302 4301 4297
4283 4280 4228
4304 4228 4301
4305 4301 4303
4306 4228 4304
4308 4228 4306
4309 4283 4308
4311 4283 4309
4312 4313 4311
4315 4283 4313
4317 4314 4315
4318 4314 4317
4319 4257 4230
4320 4230 4258
4321 4293 4257
4283 4322 4292
4322 4324 4323
4283 4325 4322
4283 4327 4326
4283 4330 4328
4335 4336 4334
4339 4332 4333
4344 4340 4342
4345 4283 4344
4347 4283 4345
4349 4283 4346
4351 4331 4348
4352 4348 4349
4354 4351 4348
14 13 10
168 163 167
168 166 163
214 213 217
219 215 216
223 222 220
224 221 222
228 227 225
229 226 227
347 345 344
350 346 343
350 343 345
1329 1321 1327
1323 1322 1328
1325 1329 1322
1332 1331 1302
1336 1333 1334
1336 1334 1335
1337 1332 1302
1342 1338 1339
1354 1352 1349
1355 1354 1353
1363 1360 1361
1371 1364 1369
1366 1365 1370
1367 1371 1365
1373 1368 1366
1303 1350 1379
1472 1471 1464
1475 1472 1464
1466 1475 1464
1484 1479 1468
1482 1484 1480
1485 1483 1488
1489 1487 1485
1469 1464 1473
1469 1473 1476
1469 1476 1477
1588 1587 1582
1589 1587 1588
1591 1587 1589
1593 1592 1582
1624 1623 1614
1625 1622 1623
1826 1825 1682
1830 1826 1682
1830 1819 1826
1820 1817 1818
1831 1817 1820
1831 1820 1821
1827 1823 1830
1824 1831 1822
1828 1831 1824
1832 1827 1830
1833 1831 1828
1833 1828 1829
1836 1834 1832
1837 1833 1835
1839 1837 1838
1947 1942 1943
1948 1946 1942
1957 1956 1688
1959 1957 1688
1959 1954 1957
1963 1962 1958
1963 1958 1955
1966 1965 1960
2019 1693 1695
2024 2020 1695
2024 2022 2020
2023 1693 2021
2024 2023 2022
2031 1693 2023
2033 1693 2031
2030 2033 2028
2034 2029 2032
2039 2033 2030
2055 2054 2047
2067 2064 2066
2067 2065 2064
2073 2082 2072
2071 2073 2069
2077 2070 2076
2084 2073 2071
2089 1986 1987
2090 2089 1987
2091 1986 2089
2092 2087 2090
2096 2094 2085
2099 2091 2088
2101 1986 2099
2006 2101 2102
2139 2134 2137
2139 2136 2134
2126 2139 2137
2142 2129 2130
2231 2226 2221
2227 2221 2226
2228 2225 2221
2231 2229 2226
2231 3242 2229
2232 2225 2228
2232 2228 2230
2234 2233 2231
2261 2258 2254
2260 2257 2258
2298 2297 2014
2617 2614 2611
2617 2615 2614
2651 2653 2654
3403 3402 3401
3404 3403 3401
3408 3406 3407
3408 3407 3401
3411 3408 3409
3910 3909 3907
3942 3946 3940
3943 3946 3942
3954 3931 3924
3924 3955 3954
3958 3931 3956
3961 3960 3924
3964 3800 3962
3983 3982 3986
3988 3987 3980
3988 3979 3987
3983 3984 3985
4175 4174 4172
4334 4338 4332
4337 4335 4332
5 8 4
7 5 6
5 9 8
14 10 9
15 12 11
9 17 16
9 19 17
9 20 19
9 21 20
26 28 25
32 208 28
30 34 29
42 41 35
42 44 41
44 46 43
42 48 46
42 50 48
57 52 49
42 57 50
57 54 51
57 56 53
56 59 55
57 60 59
57 62 60
57 63 61
92 64 57
92 67 65
34 72 33
32 31 208
69 73 39
72 78 70
31 72 34
75 42 74
78 42 77
31 42 72
32 42 31
32 79 42
96 92 42
79 96 42
88 87 86
92 91 66
92 93 91
92 94 93
97 95 94
97 81 95
97 82 81
97 84 82
97 83 84
96 97 92
97 86 83
88 97 90
98 101 100
102 101 98
101 104 103
102 106 105
102 109 108
102 111 110
102 113 112
114 102 96
113 116 209
113 102 116
102 118 117
102 119 118
102 121 120
114 122 102
121 125 124
122 125 121
125 122 126
122 127 210
122 129 128
129 122 130
122 134 133
135 114 96
134 137 136
137 139 138
155 149 147
155 151 149
155 152 151
155 154 152
155 156 153
122 137 134
140 139 122
158 140 122
140 142 141
144 142 140
142 144 143
158 145 144
158 146 145
155 148 146
158 155 146
155 161 156
165 164 162
163 166 165
168 167 160
155 168 161
155 169 168
155 170 169
157 159 158
159 170 155
170 173 172
159 174 173
174 176 175
159 178 174
159 180 179
159 181 180
177 181 159
177 185 184
159 186 185
183 186 159
186 188 187
188 190 189
195 194 186
183 195 186
188 192 191
192 194 193
183 196 195
183 197 196
197 199 198
183 200 199
183 202 201
183 203 202
183 204 203
217 213 212
214 216 215
218 220 219
220 222 221
223 225 224
225 227 226
228 230 229
230 233 232
233 235 234
235 238 237
235 239 238
245 244 239
243 246 245
245 247 244
246 248 245
247 250 249
248 251 245
257 254 245
253 255 257
256 258 255
258 260 265
265 262 259
261 263 265
262 265 264
268 267 266
268 270 267
270 272 271
272 274 273
275 276 265
276 277 265
279 280 268
280 281 268
281 283 268
284 285 283
3234 286 285
286 287 268
274 292 289
268 292 274
290 292 291
297 294 293
294 297 296
317 299 297
317 301 299
317 300 301
307 303 304
317 307 304
311 310 308
287 312 268
312 313 317
314 315 317
317 293 268
316 318 317
319 320 317
317 297 293
321 322 317
323 324 317
324 325 317
325 327 317
327 329 328
331 332 328
336 328 335
337 338 335
347 351 350
349 354 348
351 438 349
352 355 438
311 357 310
311 359 357
311 360 359
311 362 360
311 363 361
311 365 363
311 367 364
372 370 368
311 372 369
311 373 372
559 376 374
311 559 373
559 378 376
559 379 378
366 559 311
559 381 379
382 366 328
341 383 382
383 385 382
386 387 382
389 390 382
390 391 382
393 394 382
394 395 382
396 398 395
397 399 398
399 401 398
400 402 401
446 410 411
413 415 412
446 418 413
418 416 417
420 422 419
418 420 416
422 425 421
643 423 424
427 429 426
643 428 429
354 433 353
355 434 438
435 439 434
439 443 446
446 445 441
437 446 436
446 444 445
448 449 447
449 408 409
446 449 448
450 418 446
451 452 446
453 454 446
454 456 446
3236 458 457
459 460 458
460 462 446
468 446 462
467 469 466
470 474 469
474 468 469
477 468 476
481 482 480
483 487 468
484 468 487
486 488 485
489 494 468
493 495 494
496 500 494
499 501 498
511 517 510
513 522 512
516 522 515
656 527 518
522 656 520
661 522 516
656 529 523
525 656 524
656 526 527
533 534 532
559 536 534
559 535 536
559 539 535
559 538 539
559 541 538
544 555 543
546 556 545
550 547 549
541 556 546
661 511 552
550 661 554
559 556 541
556 661 555
381 557 380
381 558 557
559 531 530
560 559 366
561 559 560
562 560 366
382 562 366
563 382 407
565 562 382
566 562 565
567 568 562
569 570 562
571 573 562
576 669 562
575 576 562
577 578 574
580 581 579
581 575 578
582 583 575
584 586 585
587 589 575
591 592 590
590 575 589
593 595 592
596 575 595
597 598 575
599 600 575
600 601 575
602 603 601
612 614 611
618 617 613
618 625 622
625 627 623
802 626 627
618 802 625
802 631 629
802 634 630
633 636 632
802 635 636
638 639 637
802 638 635
802 609 606
643 642 431
641 644 640
644 612 610
643 644 641
644 618 612
643 618 644
647 645 643
645 618 643
646 450 446
648 646 468
648 649 646
649 647 646
494 648 468
650 648 494
502 651 500
505 655 504
509 654 508
656 657 654
651 494 500
657 651 655
658 651 657
658 650 494
662 658 656
661 662 656
659 658 662
661 664 662
664 660 659
665 666 664
667 663 556
561 556 559
561 667 556
670 668 561
671 576 575
576 670 669
671 672 576
672 670 576
673 671 575
674 672 671
604 675 603
673 575 601
676 677 675
677 678 673
679 681 673
684 673 682
685 687 684
687 673 684
686 688 687
691 690 687
695 696 690
696 698 690
699 701 698
701 703 698
703 690 698
705 706 703
707 709 703
708 710 709
718 714 715
723 726 725
725 729 724
739 731 729
731 733 730
739 733 731
736 734 735
738 741 737
739 734 736
741 743 740
746 742 743
746 748 745
739 746 734
748 750 747
746 751 749
746 716 713
746 718 716
960 746 739
753 755 739
758 759 757
759 739 756
761 762 739
764 766 739
767 770 769
775 774 772
776 778 774
779 782 778
785 789 784
778 769 774
786 790 789
788 791 790
790 782 789
792 794 791
795 790 791
795 796 790
797 964 796
608 799 607
799 801 800
802 801 799
802 805 804
806 808 807
802 608 609
802 808 805
802 809 808
809 811 810
802 814 813
802 817 816
802 820 817
1000 821 802
822 1000 802
822 802 618
645 822 618
827 824 647
827 828 824
828 826 824
649 827 647
650 649 648
650 830 649
830 829 649
831 650 658
660 831 658
832 830 650
3237 660 666
665 3237 666
834 831 660
835 834 660
836 835 665
833 836 665
837 834 835
837 838 834
836 837 835
836 838 837
839 833 663
839 840 833
668 667 561
668 839 667
841 668 670
842 1031 841
690 674 673
690 843 674
710 845 703
712 846 845
847 850 846
849 851 850
854 855 853
856 850 853
858 844 703
859 860 850
864 867 863
867 850 862
865 868 867
869 870 868
870 872 850
876 878 877
878 880 877
882 858 850
881 883 880
884 885 882
886 887 882
892 898 891
894 892 893
897 895 896
905 907 906
908 911 910
913 909 910
913 917 909
916 918 935
921 920 3238
913 921 917
919 922 935
921 923 920
935 921 913
935 927 924
935 931 926
930 934 929
933 894 932
935 933 934
933 903 894
938 940 937
945 942 939
945 944 941
945 948 943
948 950 947
945 953 949
945 950 948
945 952 953
954 957 922
956 958 955
945 935 958
959 936 945
746 945 718
769 960 739
769 961 960
963 961 769
965 966 790
966 967 790
782 962 769
790 962 782
968 962 790
969 970 968
971 973 972
975 976 972
979 980 976
981 986 976
984 987 986
993 996 992
995 998 994
987 976 986
998 1133 997
821 1000 999
822 1001 1000
1001 1003 1002
825 1004 822
822 1006 1005
1004 1006 822
1006 1009 1007
1010 1012 1008
1004 1010 1009
1012 1014 1011
1004 1012 1010
1004 1016 1014
1004 1015 1016
1004 1017 1018
1133 1021 1019
1133 995 985
1133 998 995
1022 1133 1004
1023 825 826
1023 1022 825
828 1023 826
832 1024 830
1026 1143 832
1028 1027 838
1027 1025 831
1028 1025 1027
840 1025 836
1030 1150 1029
1032 1029 839
1033 1032 1031
843 842 672
1035 1034 843
844 1035 690
1037 844 858
1037 1036 844
1041 1042 882
1042 1044 882
1043 1054 1044
1054 882 1044
1047 1058 1045
1055 1058 1048
1058 1050 1051
1053 1056 1058
1058 882 1054
1057 1059 1058
1058 1038 882
1062 1065 1060
1070 1069 1063
1065 1071 1070
1066 1072 1058
1068 1074 1067
1070 1068 1069
1072 1076 1058
1074 1078 1073
1075 1079 1070
1077 1078 1058
1080 1081 1070
1070 1058 1078
1082 1083 1070
1085 1086 1084
1086 1087 1070
1087 1089 1070
1166 1058 1070
1093 1102 1092
1098 1102 1097
1100 1102 1099
1101 1103 1100
1104 1105 1103
900 1110 899
903 902 898
1112 1111 1107
1110 1112 1109
902 900 901
1112 1113 1111
903 1112 900
1112 1115 1114
1112 1116 1115
1112 1117 1116
1120 1119 1118
1112 1121 1120
1112 1122 1121
1112 1123 1122
1112 1125 1123
1112 1126 1125
1127 1124 936
1127 1265 1124
961 1129 960
1129 1127 959
1130 1129 961
1131 1130 963
1134 976 1133
1134 1132 976
1135 1134 1133
1138 1135 1022
1137 1136 1023
1136 1138 1022
1139 1138 1136
1141 1137 828
1142 1140 1141
1144 1145 1143
1145 1142 1143
1146 1144 1026
1147 1146 1025
1148 1146 1147
1150 1148 1025
1150 1149 1148
1150 1151 1149
1150 1152 1151
1152 1153 1151
1153 1144 1146
1155 1030 1032
1033 1155 1032
1156 1157 1033
1157 1155 1033
1159 1156 1034
1160 1156 1159
1160 1158 1156
1035 1159 1034
1162 1160 1159
1036 1161 1035
1163 1162 1036
1038 1164 1037
1164 1163 1037
1165 1164 1038
1166 1038 1058
1166 1165 1038
1295 1165 1166
1102 1166 1070
1106 1168 1102
1169 1170 1102
1170 1174 1102
1171 1172 1174
1172 1173 1174
1174 1167 1102
1176 1177 1174
1178 1179 1174
1180 1186 1174
1182 1193 1181
1186 1194 1174
1191 1195 1190
1208 1195 1182
1187 1174 1194
1195 1196 1187
1197 1196 1195
1199 1206 1198
1202 1207 1201
1208 1182 1185
1206 1208 1205
1209 1210 1208
1212 1213 1211
1214 1215 1197
1215 1216 1197
1216 1217 1197
1220 1222 1197
1221 1223 1222
1225 1224 1223
1227 1232 1224
1228 1224 1232
1230 1233 1229
1233 1224 1229
1236 1242 1235
1238 1242 1237
1251 1250 1249
1251 1253 1250
1251 1256 1253
1256 7 1255
1251 7 1256
1251 22 7
22 1257 23
1251 1259 1258
1259 1251 1261
1251 1264 1263
1262 1251 1124
1265 1262 1124
1407 1262 1265
1128 1265 1127
1266 1407 1265
1130 1267 1129
1268 1267 1130
1269 1268 1130
1268 1410 1267
1132 1269 1131
1271 1412 1132
1272 1270 1135
1274 1270 1272
1139 1273 1138
1275 1273 1139
1276 1275 1139
1278 1140 1142
1278 1277 1140
1145 1278 1142
1280 1279 1145
1281 1280 1144
1152 1282 1153
1283 1154 1030
1284 1154 1283
1155 1283 1030
1158 1287 1157
1286 1155 1157
1287 1286 1157
1288 1287 1158
1427 1287 1288
1289 1160 1162
1432 1289 1162
1163 1290 1162
1293 1291 1164
1293 1435 1291
1167 1295 1166
1296 1295 1167
1297 1296 1167
1300 1298 1196
1224 1301 1197
1301 1300 1197
1234 1224 1233
1302 1224 1242
1302 1303 1224
1246 1304 1245
1248 1305 1304
1245 1302 1244
1306 1308 1305
1308 1302 1245
1310 1312 1311
1313 1302 1308
1311 1313 1308
1312 1314 1311
1318 1317 1302
1319 1313 1311
1320 1319 1311
1315 1321 1320
1316 1327 1321
1328 1322 1329
1323 1326 1325
1333 1336 1302
1317 1337 1302
1318 1340 1317
1338 1342 1336
1344 1346 1345
1346 1347 1345
1350 1303 1302
1345 1350 1302
1348 1352 1351
1349 1352 1348
1358 1357 1345
1360 1359 1354
1356 1361 1360
1362 1364 1363
1372 1369 1364
1365 1371 1369
1366 1368 1367
1374 1350 1345
1373 1376 1375
1378 1377 1374
1380 1381 1303
1251 1385 1383
1384 1385 1251
1262 1384 1251
1384 1388 1387
1384 1392 1391
1392 1384 1393
1384 1395 1394
1399 1403 1398
1404 1399 1400
1403 1401 1402
1406 26 24
1404 1406 1403
1404 32 1406
1262 1404 1384
1513 1404 1262
1409 1408 1407
1409 1266 1128
1410 1409 1267
1414 1412 1271
1415 1416 1414
1274 1414 1270
1417 1415 1274
1277 1275 1276
1419 1418 1275
1277 1419 1275
1420 1277 1278
1279 1420 1278
1421 1420 1279
1422 1280 1281
1422 1421 1280
1154 1423 1281
1424 1423 1154
1425 1422 1281
1423 1425 1281
1285 1424 1154
1286 1535 1284
1429 1428 1427
1428 1535 1286
1430 1429 1288
1430 1288 1160
1433 1431 1430
1292 1433 1290
1435 1292 1291
1294 1436 1435
1436 1434 1435
1296 1294 1295
1299 1296 1297
1438 1296 1299
1438 1437 1296
1440 1439 1298
1440 1442 1439
1441 1300 1301
1303 1301 1224
1443 1301 1303
1443 1445 1301
1448 1447 1303
1449 1443 1447
1443 1450 1445
1443 1455 1454
1443 1456 1455
1443 1457 1456
1443 1461 1452
1443 1579 1462
1463 1579 1443
1381 1465 1303
1466 1464 1303
1465 1467 1303
1471 1470 1464
1474 1476 1473
1303 1478 1466
1467 1479 1478
1480 1484 1468
1481 1483 1482
1485 1487 1486
1490 1493 1492
1492 1495 1469
1494 1496 1492
1499 1444 1303
1500 1499 1303
1492 1501 1495
1492 1502 1501
1496 1503 1502
1497 1506 1503
1498 1504 1506
1504 1508 1507
1505 1509 1508
1510 1451 1449
1512 79 32
1408 1513 1262
1513 1511 1404
1514 1511 1513
1411 1516 1409
1517 1518 1411
1519 1413 1412
1519 1658 1517
1416 1519 1412
1415 1520 1416
1663 1520 1415
1521 1663 1415
1418 1417 1274
1522 1665 1417
1523 1522 1419
1524 1523 1420
1525 1668 1524
1526 1421 1422
1526 1525 1421
1527 1422 1423
1528 1527 1423
1424 1528 1423
1527 1526 1422
1528 1530 1527
1531 1526 1530
1533 1528 1426
1536 1537 1535
1428 1536 1535
1537 1533 1535
1539 1536 1429
1541 1539 1430
1540 1541 1431
1543 1542 1541
1544 1540 1433
1545 1543 1540
1292 1544 1433
1546 1545 1544
1545 1540 1544
1436 1547 1546
1437 1549 1294
1551 1550 1438
1442 1438 1439
1442 1551 1438
1552 1551 1442
1553 1442 1440
1553 1552 1442
1689 1552 1553
1557 1556 1441
1441 1559 1558
1555 1563 1562
1564 1553 1441
1556 1565 1564
1569 1571 1567
1574 1564 1567
1573 1575 1574
1564 1554 1553
1460 1577 1459
1463 1581 1580
1582 1445 1459
1578 1583 1582
1581 1585 1584
1586 1585 1581
1583 1593 1582
1586 1597 1596
1598 1555 1445
1594 1600 1599
1555 1602 1563
1599 1604 1603
1600 1605 1604
1555 1607 1602
1555 1608 1607
1555 1609 1608
1555 1610 1609
1611 1610 1555
1606 1613 1605
1610 1617 1616
1618 1617 1610
1604 1620 1619
1621 1620 1605
1622 1621 1605
1614 1623 1622
1626 1625 1623
1627 1628 1626
1620 1630 1629
1575 1632 1574
1632 1633 1574
1634 1635 1633
1636 1637 1635
1637 1639 1576
1639 1641 1576
1643 1645 1576
1644 1646 1645
1646 1651 1650
1649 1652 1651
1514 1655 1511
1654 1655 1514
1656 1654 1515
1656 1782 1654
1657 1656 1516
1661 1662 1658
1663 1660 1520
1667 1665 1522
1668 1667 1524
1670 1668 1525
1671 1669 1668
1526 1670 1525
1672 1670 1526
1675 1672 1532
1674 1675 1532
1534 1532 1528
1676 1534 1533
1679 1677 1538
1680 1543 1545
1681 1680 1545
1682 1681 1546
1548 1682 1547
1683 1684 1548
1684 1685 1548
1551 1683 1550
1683 1548 1550
1687 1684 1683
1552 1686 1551
1686 1683 1551
1688 1687 1686
1690 1689 1554
1691 1690 1576
1652 1696 1651
1651 1700 1699
1651 1703 1700
1701 1703 1651
1701 1704 1703
1704 1707 1706
1712 1711 1576
1707 1714 1706
1709 1715 1714
1716 1711 1712
1714 1717 1706
1715 1718 1714
1719 1576 1711
1720 1719 1711
1717 1722 1721
1723 1719 1720
1727 1726 1576
1724 1728 1719
1725 1731 1730
1714 1737 1731
1734 1733 1576
1729 1735 1719
1719 1741 1740
1736 1742 1719
1714 1750 1744
1739 1750 1714
1745 1692 1691
1719 1747 1746
1719 1748 1747
1742 1749 1719
1739 1752 1751
1753 1752 1739
1756 1748 1719
1757 1756 1749
1754 1758 1694
1748 1764 1763
1756 1765 1764
1758 1766 1694
1767 1766 1758
1760 1768 1767
1761 1769 1768
1762 1770 1769
1772 1774 1714
1776 1775 1774
1778 1753 1739
1655 1779 1512
1779 135 107
1779 2150 135
1782 1780 1654
2153 1780 1782
1783 1784 1656
1783 1656 1657
1662 1783 1659
1786 1783 1662
1785 1786 1662
1787 1785 1661
1664 1787 1663
1664 1788 1787
1789 1788 1664
1666 1790 1665
1791 1789 1664
1792 1791 1666
1669 1793 1667
1670 1795 1671
1795 1794 1671
1796 1795 1670
1797 1796 1673
1798 1796 1797
1799 1673 1672
1675 1799 1672
1675 1800 1799
1800 1797 1673
1675 1801 1800
1801 1797 1800
1675 1797 1801
1803 1802 1675
1802 1798 1797
1676 1804 1674
1677 1804 1676
1805 1804 1677
1806 1677 1679
1807 1805 1677
1808 1806 1679
1811 1809 1808
1810 1811 1542
1680 1810 1543
1812 1811 1810
1814 1812 1810
1813 1680 1681
1815 1814 1813
1816 1681 1682
1817 1816 1682
1825 1817 1682
1682 1832 1830
1831 1833 1816
1837 1839 1816
1839 1840 1816
1816 1815 1681
1685 1841 1832
1832 1841 1836
1841 1843 1842
1841 1844 1843
1685 1845 1844
1846 1845 1685
1684 1847 1685
1684 1852 1847
1849 1853 1848
1685 1863 1846
1855 1685 1851
1684 1857 1856
1684 1858 1857
1684 1859 1858
1684 1860 1859
1685 1865 1864
1862 1867 1816
1685 1870 1865
1866 1871 1870
1867 1872 1816
1873 1882 1872
1871 1884 1883
1881 1889 1876
1882 1885 1816
1875 1888 1887
1876 1888 1875
1886 1890 1816
1888 1876 1892
1890 1893 1816
1876 1895 1894
1893 1897 1896
1895 1900 1899
1876 1901 1900
1898 1902 1896
1907 1906 1901
1684 1908 1860
1910 1909 1684
1684 1912 1911
1684 1915 1914
1916 1915 1684
1684 1918 1917
1684 1919 1918
1687 1919 1684
1687 1927 1926
1687 1928 1927
1687 1929 1928
1924 1930 1889
1930 1933 1932
1687 1936 1935
1687 1937 1936
1932 1901 1889
1934 1938 1932
1942 1941 1932
1939 1943 1942
1941 1944 1932
1946 1945 1942
1949 1948 1942
1950 1951 1949
1953 1969 1687
1956 1953 1688
1688 1960 1959
1952 1961 1960
1961 1968 1966
1967 1970 1964
1971 1973 1972
1973 1974 1972
1975 1976 1972
1687 1940 1937
1687 1978 1977
1687 1980 1979
1687 1982 1981
1983 1982 1687
1984 1983 1969
1969 2256 1984
1972 2256 1969
1986 1985 1689
1989 1988 1952
1985 1990 1989
1985 1994 1993
1985 1995 1994
1985 1996 1995
1997 1996 1985
1986 1997 1985
1998 2001 1972
1986 2005 2004
2003 2007 1972
1986 2011 2008
2012 2011 1986
2007 2009 1972
2013 1986 2006
2010 2014 1972
2012 2016 2015
2017 2016 2012
2013 2018 1986
1690 2026 2025
2027 1690 1694
1695 2034 2032
1690 2037 2036
2038 1986 1689
2039 2038 1693
1695 2041 2040
1690 2043 2042
1690 2027 2043
2041 2046 2045
2041 2047 2046
2044 2049 2038
2047 2052 2051
2047 2054 2053
2049 2057 2038
2059 2058 2053
2056 2027 2060
2057 2061 2038
2068 1987 2038
2076 2070 2074
2077 2071 2070
2067 2079 2078
2067 2080 2079
2081 2080 2067
2068 2082 1987
2073 2084 2083
2083 2085 2082
1987 2092 2090
2094 2093 1987
2085 2094 1987
2097 2096 2085
2091 2099 1986
1987 2103 2100
1987 2107 2106
2104 2108 2107
2109 2108 2104
2006 2111 2110
2108 2113 2112
2110 2013 2006
1766 2027 1694
1766 2116 2027
1770 2120 1769
1771 2121 2120
2118 2123 2027
2121 2126 2120
2122 2127 2126
2124 2129 2123
2131 2133 2130
2137 2134 2138
2134 2136 2135
2128 2141 2140
2129 2142 2027
2146 2145 2027
2148 2147 2027
2149 2081 2027
2150 158 135
2151 2150 1779
2151 2152 2150
2152 157 2150
1781 2152 2151
2154 1781 2153
2156 2157 1784
1783 2156 1784
2158 2156 1783
1788 1786 1785
2161 2160 1788
2162 2161 1789
2164 2163 1791
2163 2162 1789
2165 2162 2163
2168 2166 1793
2167 2169 2168
2170 2167 1795
1796 2170 1795
2172 2170 1796
2173 1798 1802
1803 2173 1802
2174 1796 1798
2173 2174 1798
2175 2171 2174
2173 2175 2174
2173 3241 2175
2176 2172 2171
2173 2176 3241
2177 2179 2172
2180 1803 1804
2181 2182 1805
2346 2181 1807
2184 2346 1807
2183 1809 1811
1812 2183 1811
1815 2187 1814
2187 2186 1814
1896 2189 1816
2189 1815 1816
2189 2188 1815
1904 2191 1903
1901 2194 2193
1906 2194 1901
2192 2196 1896
2196 2198 1896
2197 2199 2198
2200 2201 1896
2203 1896 2202
2225 2204 1896
2206 2208 1896
2207 2209 2208
2209 2222 2221
2214 2234 2212
2216 2223 2234
2220 2223 2219
2210 2221 2222
2210 2234 2231
2234 2237 2236
2234 2240 2237
2239 2204 2225
2241 2245 2244
2234 2245 2241
2245 2247 2246
2234 2248 2247
2239 2249 2204
2248 2251 2250
1982 2253 2252
1983 2254 2253
2255 2254 1983
2258 2257 2253
2262 2261 2254
2258 2265 2264
2267 2266 2263
2268 2267 1972
2269 2268 1972
2267 2270 2266
2267 2271 2270
2273 2272 2267
2274 2273 2268
2271 2276 2275
2278 2277 2272
2279 2278 2273
2277 2282 2281
2280 2283 2235
2284 2285 2234
2285 2287 2234
2287 2289 2234
2288 2290 2289
2290 2291 2243
2291 2292 2243
2293 2294 2243
2294 2295 2243
2297 2296 1972
2300 2297 2298
2302 2269 1972
2303 2302 2296
2304 2269 2302
2306 2305 2269
183 159 157
1781 2307 2152
2310 2311 2307
2311 2309 2307
2312 2314 2310
2316 2315 2312
2317 2454 2310
2310 2320 2319
2454 2320 2310
2321 2317 2157
2156 2321 2157
2159 2321 2156
2322 2484 2321
2160 2323 2158
2326 2327 2160
2327 2324 2323
2328 2326 2325
2330 2329 2328
2332 2331 2166
2333 2166 2168
2333 2332 2166
2334 2333 2169
2170 2335 2169
2172 2336 2170
2179 2336 2172
2336 2335 2170
2339 2338 2336
2178 2179 2173
2340 2336 2179
2532 2341 2179
2342 2178 2180
2342 2532 2178
2344 2342 2180
2181 2344 2182
2347 2345 2181
2346 2347 2181
2184 2347 2346
2348 2347 2184
2185 2184 2183
2350 2348 2349
2352 2186 2187
2352 2351 2186
2190 2353 2188
2354 2353 2190
2545 2352 2353
2204 2356 2354
2234 2362 2361
2234 2365 2362
2360 2363 2355
2364 2367 2363
2366 2369 2368
2234 2370 2369
2234 2243 2370
2367 2371 2355
2243 2375 2374
2243 2377 2375
2373 2376 2355
2376 2379 2355
2385 2355 2381
2386 2387 2385
2387 2389 2385
2389 2390 2355
2391 2392 2355
2295 2394 2243
2400 2377 2243
2399 2401 2398
2403 2402 2397
2401 2404 2403
2400 2406 2405
2243 2407 2406
2403 2410 2402
2404 2408 2410
2408 2411 2410
2412 2413 2355
2414 2415 2393
2308 204 183
204 2418 206
204 2419 2418
2308 2421 2419
2420 2421 2308
2308 2423 2420
2308 2426 2425
2308 2427 2426
2308 2429 2427
2428 2429 2308
2309 2428 2308
2309 2431 2428
2431 2434 2433
2309 2435 2434
2436 2435 2309
2437 2436 2309
2314 2438 2313
2441 2440 2314
2443 2309 2311
2444 2443 2311
2448 2447 2309
2450 2449 2447
2452 2439 2312
2320 2454 2453
2317 2455 2454
2454 2458 2457
2317 2460 2455
2317 2462 2460
2462 2465 2464
2317 2466 2465
2317 2470 2469
2468 2470 2317
2468 2473 2472
2468 2474 2473
2475 2474 2468
3243 2475 2468
2478 2481 2480
2478 2482 2481
2487 2486 2317
2486 2488 2317
2485 2489 2484
2488 3243 2463
2487 3244 2486
3245 2489 2485
2487 2478 3244
2490 2617 2489
2493 2492 2484
2494 2493 2484
2495 2494 2491
2324 2491 2322
2492 3245 2485
2496 3245 2492
2493 2496 2492
2494 2498 2493
2499 2497 2491
2496 2490 3245
2497 2499 2494
2498 2490 2496
2499 2490 2498
2500 2499 2324
2326 2501 2327
2501 2500 2327
2504 2503 2331
2506 2504 2505
2334 2504 2332
2509 3246 2334
2508 2509 2334
3246 2505 2507
2511 2510 2509
2512 2511 2509
2514 2513 2335
2515 2514 2335
2516 2515 2335
2518 2517 2514
2519 2518 2515
2516 2519 2515
2518 2512 2517
2520 2519 2516
2519 2512 2518
2522 2516 2338
2523 2522 2338
2524 2523 2338
2525 2524 2338
2526 2525 2339
2527 2520 2516
2523 2527 2522
2529 2528 2525
2528 2521 2523
2527 2521 2520
2530 2521 2528
2531 2339 2337
2532 2339 2531
2532 2533 2339
2533 2526 2339
2534 2530 2533
2343 2535 2532
2536 2535 2343
2345 2343 2344
2537 2536 2345
2539 2347 2348
2539 2540 2347
2542 2541 2539
2543 2544 2351
2545 2543 2352
2546 2543 2545
2354 2545 2353
2547 2546 2354
2548 2547 2356
2549 2547 2548
2551 2550 2567
2550 2549 2548
2416 2552 2393
2417 2553 2552
2554 2555 2393
2556 2558 2557
2560 2561 2559
2561 2562 2393
2563 2564 2393
2570 2567 2393
2571 2570 2393
2569 2572 2571
2573 2574 2571
2576 2551 2567
2582 2581 2579
2583 2580 2571
2584 2583 2577
2585 2584 2577
2588 2587 2580
2589 2588 2580
2605 2599 2597
2605 2601 2599
2605 2603 2600
2605 2604 2602
2605 2607 2606
2608 2605 2609
2590 2610 2591
2478 2611 2610
2478 2617 2611
2617 2616 2612
2617 2594 2593
2617 2605 2594
2618 2605 2617
2619 2617 2490
2499 2619 2490
2619 2618 2617
2620 2619 2499
2501 2621 2500
2621 2620 2500
2622 2620 2621
2502 2621 2501
2623 2624 2621
2625 2624 2623
2506 2626 2504
2626 2625 2503
2627 2628 2506
2627 2506 2512
2629 2627 2512
2530 2630 2521
2631 2530 2534
2631 2630 2530
2536 2632 2535
2633 2631 2535
2632 2633 2535
2632 2710 2633
2634 2632 2536
2538 2637 2537
2638 2637 2538
2637 2634 2537
2638 2636 2637
2541 2638 2540
2639 2640 2542
2544 2639 2542
2641 2639 2544
2546 2643 2543
2643 2641 2543
2645 2644 2546
2549 2645 2547
2647 2725 2645
2580 2648 2550
2648 2647 2549
2650 2649 2580
2653 2651 2649
2651 2580 2649
2658 2657 2580
2660 2662 2664
2667 2666 2665
2669 2668 2664
2670 2664 2668
2671 2670 2668
2605 2674 2673
2674 2676 2675
2605 2677 2676
2605 2678 2677
2684 2683 2605
2684 2685 2686
2684 2688 2685
2690 2693 2689
2684 2691 2688
2694 2695 2618
2695 2684 2605
2619 2694 2618
2696 2694 2619
2622 2697 2620
2698 2699 2622
2702 2701 2625
2702 2792 2701
2703 2704 2702
2629 2628 2627
2706 2795 2705
2707 2705 2629
2708 2707 2630
2709 2706 2707
2633 2708 2631
2710 2708 2633
2711 2709 2708
2635 2710 2632
2713 2711 2710
2714 2711 2713
2715 2714 2713
2716 2715 2713
2712 2716 2713
2717 2712 2635
2638 2718 2636
2718 2717 2636
2719 2718 2638
2720 2808 2719
2640 2719 2541
2721 2720 2640
2642 2721 2639
2646 2724 2723
2725 2646 2645
2727 2647 2648
2728 2815 2727
2729 2728 2727
2731 2730 2670
2733 2732 2664
2735 2727 2664
2736 2735 2664
2740 2739 2738
2743 2742 2727
2744 2743 2741
2750 2749 2727
2751 2750 2748
2752 2729 2727
2753 2752 2749
2756 2758 2757
2693 2762 2692
2691 2693 2690
2762 2764 2761
2764 3249 2763
2691 2768 2693
2766 2767 2765
2768 2766 3249
2767 2756 2754
2766 2758 2767
2758 2770 2760
2769 2768 2684
2766 2772 2771
2766 2768 2772
2768 2775 2774
2768 2777 2776
2768 2780 2779
2783 2782 2768
2781 2785 2784
2694 2769 2695
2697 2787 2694
2787 2786 2694
2788 2787 2697
2699 2788 2697
2789 2788 2699
2790 2698 2624
2790 2789 2698
2791 2790 2700
2792 2791 2701
2792 2790 2791
2793 2792 2702
2704 2793 2702
2795 2704 2703
2794 2793 2704
2797 2795 2706
2798 2797 2709
2797 2796 2795
2799 2798 2711
2716 2714 2715
2801 2714 2716
2801 2800 2714
2802 2800 2801
2803 2802 2801
2804 2803 2712
2803 2801 2716
2889 2803 2804
2718 2804 2717
2808 2805 2718
2805 2889 2804
2807 2889 2805
2806 2807 2805
2722 2720 2721
2810 2809 2722
2724 2722 2723
2811 2810 2724
2812 2724 2646
2812 2813 2724
2813 2811 2724
2814 2813 2812
2815 2816 2726
2818 2815 2728
2817 2818 2728
2821 2820 2818
2823 2822 2818
2824 2823 2818
2818 2899 2815
2899 2816 2815
2826 2899 2818
2827 2826 2818
2828 2827 2818
2830 2899 2826
2817 2834 2818
2834 2836 2818
2836 2838 2837
2840 2819 2818
2782 2844 2843
2783 2846 2845
2783 2848 2847
2783 2851 2850
2783 2852 2851
2783 2856 2855
2856 2783 2857
2783 2859 2858
2783 2860 2859
2860 2864 2863
2786 2866 2769
2866 2783 2769
2866 2864 2783
2864 2860 2783
2866 2868 2864
2869 2867 2866
2864 2868 2865
2867 2868 2866
2870 2869 2787
2869 2866 2786
2788 2871 2870
2871 2949 2870
2872 2871 2788
2873 2872 2788
2874 2875 2790
2876 2873 2875
2874 2876 2875
2877 2954 2874
2793 2874 2792
2878 2874 2793
2878 2877 2874
2794 2878 2793
2796 2794 2795
2880 2879 2796
2881 2880 2797
2883 2882 2798
2800 2883 2799
2802 2883 2800
2885 2884 2802
2888 2882 2883
2886 2888 2883
2887 2888 2886
2889 2802 2803
2890 2885 2889
2891 2890 2806
2892 2806 2808
2893 2891 2892
2809 2893 2892
2894 2895 2809
2894 2971 2895
2811 2894 2810
2814 2897 2813
2897 2896 2811
2900 2814 2816
2901 2900 2816
2900 2897 2814
2904 2903 2831
2908 2899 2906
2910 2909 2908
2913 2912 2911
2916 2915 2899
2919 2901 2899
2920 2901 2919
2922 2921 2901
2929 2928 2923
2932 2934 2933
2868 2936 2935
2943 2939 2868
2943 2940 2939
2867 2943 2868
2940 2943 2942
2998 2943 2867
2946 2943 2947
2948 2950 2949
2950 2998 2867
2872 2948 2871
3027 2950 2948
2952 2953 2872
2876 2952 2873
2954 2955 2876
2877 2955 2954
2877 3032 2955
2879 2957 2794
2957 2956 2878
2959 2957 2879
2881 2959 2880
2961 2960 2881
2965 2961 2882
2885 2962 2887
2962 2888 2887
3250 2888 2962
2885 2963 2962
2964 2963 2885
2963 2965 2888
2964 2965 2963
2966 2964 2885
2966 2967 2964
2893 2969 2891
2969 2968 2891
2972 2893 2895
2971 2972 2895
2972 2970 2893
2974 2973 2971
2898 2974 2896
2975 2898 2900
2902 2975 2900
2977 2902 2901
2979 2978 2927
2978 2980 2977
2981 2980 2978
2980 2902 2977
2983 2902 2980
2987 2902 2986
2989 2988 2902
2990 2976 2902
2991 2976 2990
2994 2976 2993
2997 2943 2999
2998 3001 2943
3001 3000 2943
3000 3003 3002
3001 3005 3004
3001 3006 3005
2998 3007 3006
2998 3009 3008
3009 3011 3010
2998 3012 3011
2998 3013 3012
3014 3013 2998
3013 3016 3015
3020 3019 2998
3020 3022 3021
3024 3026 3025
3028 3022 3020
3026 3024 3022
2951 3027 2948
2953 3029 2951
3030 3029 2953
3031 3030 2955
3033 3031 3032
3034 3032 2956
3034 3035 3032
3036 3034 2957
3036 3035 3034
2958 3036 2957
3037 3038 2958
2961 3039 2960
3039 3038 3037
3041 3039 2961
3042 3040 2965
3044 3040 3042
3043 3044 3042
3045 3040 3044
3043 3127 3045
2967 3043 2964
3047 3048 2967
2973 3050 2972
3050 3049 2970
3051 3134 2973
3051 2973 2974
3053 3052 2974
3055 3054 2975
3057 3054 3055
3058 3057 3055
3060 3059 2995
3065 3063 3061
3063 3055 2976
3068 3063 3066
3067 3055 3063
3071 3070 3055
3073 3072 3055
3074 3073 3055
3076 3075 3055
3077 3076 3072
3079 3056 3055
3080 3079 3055
3028 3081 3026
3081 3084 3082
3084 3086 3085
3086 3088 3087
3028 3089 3088
3028 3091 3089
3028 3093 3092
3028 3094 3093
3083 3096 3094
3094 3098 3097
3096 3100 3099
3083 3103 3102
3101 3105 3104
3083 3107 3106
3083 3108 3107
3109 3108 3083
3109 3111 3251
3113 3083 3027
3113 3109 3083
3109 3114 3111
3113 3114 3109
3113 3115 3114
3116 3113 3029
3117 3116 3030
3118 3033 3032
3033 3117 3031
3118 3119 3033
3121 3120 3035
3038 3121 3036
3122 3121 3038
3123 3124 3039
3041 3123 3039
3125 3123 3041
3126 3123 3125
3045 3125 3040
3252 3128 3045
3127 3128 3252
3129 3126 3125
3131 3130 3129
3046 3127 3043
3131 3129 3127
3048 3131 3046
3132 3048 3047
3133 3132 3049
3135 3049 3050
3134 3135 3050
3135 3133 3049
3136 3134 3051
3137 3135 3134
3136 3137 3134
3138 3136 3052
3139 3137 3136
3138 3139 3136
3140 3138 3052
3143 3142 3054
3144 3143 3057
3145 3152 3054
3152 3140 3054
3145 3146 3152
3152 3141 3140
3156 3155 3152
3158 3152 3155
3113 3162 3161
3162 3164 3163
3164 3166 3165
3113 3166 3164
3113 3169 3168
3177 3169 3113
3169 3171 3170
3177 3172 3171
3177 3173 3172
3173 3175 3174
3175 3177 3176
3177 3180 3179
3180 3182 3181
3177 3183 3182
3177 3186 3185
3177 3187 3186
3116 3178 3177
3189 3116 3117
3189 3178 3116
3190 3283 3189
3119 3190 3117
3118 3191 3119
3120 3192 3118
3193 3192 3120
3192 3191 3118
3195 3194 3192
3121 3193 3120
3122 3196 3121
3196 3193 3121
3196 3195 3193
3318 3195 3196
3197 3196 3122
3124 3197 3122
3199 3198 3126
3201 3200 3130
3203 3202 3201
3204 3126 3200
3203 3204 3202
3204 3199 3126
3048 3205 3131
3205 3203 3201
3209 3208 3132
3208 3206 3207
3133 3210 3132
3210 3209 3132
3211 3209 3210
3212 3211 3210
3152 3218 3141
3218 3214 3141
3221 3218 3152
3221 3222 3218
3222 3223 3218
3226 3214 3218
3178 3254 3253
3178 3257 3256
3178 3259 3258
3259 3263 3262
3264 3261 3259
3265 3264 3178
3265 3266 3264
3178 3268 3265
3178 3270 3269
3178 3271 3270
3271 3274 3273
3275 3274 3271
3275 3276 3274
3276 3278 3277
3278 3275 3279
3275 3281 3280
3283 3275 3178
3285 3275 3283
3287 3286 3283
3285 3366 3275
3289 3288 3285
3290 3289 3285
3283 3292 3291
3283 3293 3292
3283 3294 3293
3191 3284 3190
3299 3298 3284
3297 3299 3284
3296 3300 3297
3302 3301 3284
3298 3302 3284
3307 3306 3284
3301 3307 3284
3304 3296 3309
3306 3294 3283
3311 3310 3301
3296 3313 3312
3314 3294 3306
3315 3314 3306
3305 3316 3296
3317 3305 3194
3318 3317 3195
3320 3318 3196
3199 3322 3198
3323 3322 3199
3325 3324 3204
3203 3326 3204
3326 3327 3324
3206 3328 3203
3329 3328 3206
3330 3328 3329
3332 3208 3211
3332 3331 3208
3333 3334 3212
3335 3333 3139
3336 3335 3213
3339 3226 3218
3339 3441 3226
3353 3341 3339
3275 3357 3356
3282 3357 3275
3282 3360 3359
3282 3361 3360
3362 3364 3363
3362 3365 3364
3366 3362 3275
3368 3367 3288
3285 3372 3366
3362 3374 3365
3377 3376 3285
3378 3377 3373
3372 3380 3379
3377 3381 3376
3377 3382 3381
3384 3383 3369
3385 3384 3294
3305 3386 3316
3386 3388 3387
3305 3390 3389
3390 3392 3391
3401 3400 3305
3401 3402 3400
3401 3405 3404
3401 3407 3405
3409 3408 3401
3409 3412 3411
3399 3409 3305
3409 3414 3412
3416 3396 3395
3414 3416 3415
3416 3397 3396
3416 3417 3398
3409 3419 3418
3419 3421 3420
3319 3422 3317
3424 3422 3319
3423 3424 3319
3321 3423 3320
3425 3423 3321
3426 3423 3425
3490 3426 3425
3322 3425 3321
3428 3323 3324
3427 3428 3327
3432 3429 3328
3432 3328 3330
3433 3432 3330
3433 3330 3331
3435 3332 3334
3437 3435 3334
3438 3435 3437
3439 3438 3437
3440 3438 3439
3441 3439 3336
3441 3440 3439
3341 3442 3441
3354 3443 3341
3446 3447 3341
3450 3451 3449
3453 3341 3449
3454 3341 3453
3458 3455 3457
3455 3442 3341
3460 3442 3455
3466 3465 3463
3466 3469 3468
3409 3474 3473
3409 3475 3474
3485 3475 3409
3485 3476 3475
3485 3480 3478
3482 3483 3481
3485 3484 3483
3485 3464 3484
3485 3466 3464
3422 3485 3399
3487 3553 3486
3488 3486 3424
3491 3488 3426
3429 3431 3430
3495 3496 3429
3497 3493 3496
3434 3498 3432
3500 3499 3498
3502 3500 3434
3501 3502 3434
3436 3501 3433
3503 3501 3436
3506 3503 3436
3505 3506 3435
3440 3508 3438
3508 3505 3438
3509 3508 3440
3508 3507 3505
3510 3440 3441
3442 3510 3441
3511 3510 3442
3513 3511 3442
3512 3513 3442
3520 3519 3518
3527 3512 3442
3533 3530 3485
3530 3533 3531
3535 3534 3533
3553 3540 3485
3537 3539 3538
3540 3539 3536
3539 3542 3541
3540 3543 3542
3543 3546 3545
3548 3549 3547
3540 3551 3549
3540 3550 3551
3489 3487 3486
3554 3624 3487
3491 3489 3488
3556 3630 3557
3558 3556 3497
3500 3560 3499
3499 3560 3497
3560 3559 3497
3561 3560 3500
3504 3561 3500
3504 3502 3501
3503 3504 3501
3504 3500 3502
3563 3504 3503
3564 3563 3503
3507 3564 3506
3566 3565 3507
3566 3507 3508
3568 3509 3510
3511 3568 3510
3572 3511 3513
3573 3572 3513
3575 3574 3511
3577 3511 3576
3579 3578 3577
3581 3580 3511
3582 3581 3511
3584 3583 3580
3585 3584 3580
3583 3586 3511
3586 3568 3511
3587 3586 3583
3588 3569 3512
3589 3588 3529
3590 3569 3588
3592 3513 3570
3604 3598 3596
3604 3599 3598
3604 3601 3599
3604 3603 3600
3604 3605 3603
3604 3607 3605
3609 3608 3606
3604 3609 3607
3609 3616 3610
3604 3616 3609
3613 3618 3612
3615 3613 3614
3618 3619 3617
3604 3613 3616
3689 3622 3620
3618 3689 3621
3540 3593 3552
3604 3596 3595
3540 3623 3604
3625 3623 3540
3624 3625 3487
3628 3624 3554
3627 3628 3554
3628 3626 3624
3630 3627 3555
3631 3629 3630
3559 3556 3558
3632 3556 3559
3633 3634 3556
3635 3634 3633
3637 3632 3560
3637 3638 3632
3711 3637 3561
3562 3639 3504
3640 3639 3562
3641 3640 3562
3642 3641 3565
3643 3642 3567
3644 3643 3567
3586 3645 3568
3647 3645 3586
3649 3648 3568
3650 3649 3645
3651 3648 3649
3653 3652 3648
3656 3655 3652
3657 3644 3568
3655 3657 3568
3659 3644 3657
3660 3659 3657
3663 3662 3644
3666 3665 3664
3690 3676 3674
3690 3680 3676
3748 3685 3679
3682 3687 3686
3683 3687 3682
3685 3688 3683
3604 3690 3613
3692 3693 3691
3690 3692 3689
3692 3695 3693
3690 3696 3694
3690 3697 3696
3690 4355 3697
3672 3670 4355
3690 3673 3672
3699 3698 3623
3629 3701 3628
3703 3704 3629
3704 3702 3629
3803 3704 3703
3705 3634 3636
3705 3706 3634
3706 3703 3631
3707 3803 3703
3709 3705 3632
3710 3708 3638
3712 3710 3711
3640 3713 3639
3713 3712 3711
3715 3714 3640
3715 3640 3641
3642 3715 3641
3719 3644 3718
3723 3722 3644
3725 3724 3722
3727 3726 3644
3728 3717 3643
3730 3729 3644
3732 3731 3644
3733 3732 3644
3731 3735 3728
3738 3737 3728
3739 3738 3735
3741 3740 3728
3744 3718 3644
3745 3744 3644
3746 3720 3719
3748 3747 3685
3748 3750 3747
3750 3752 3751
3753 3755 3754
3748 3757 3756
3748 3759 3758
3748 3761 3760
3761 3763 3762
3748 3763 3761
3748 3765 3764
3770 3765 3748
3770 3768 3767
3770 3771 3769
3771 3774 3773
3770 3776 3775
3778 3772 3698
3779 3778 3777
3779 3781 3778
3783 3782 3779
3700 3787 3786
3789 3788 3777
3790 3789 3777
3791 3790 3777
3700 3793 3792
3794 3780 3777
3788 3794 3777
3796 3795 3788
3700 3798 3793
3896 3798 3700
3704 3801 3702
3801 3800 3784
3804 3802 3803
3804 3803 3707
3805 3804 3707
3806 3805 3707
3708 3806 3707
3714 3811 3713
3811 3712 3713
3814 3811 3714
3813 3814 3714
3815 3814 3813
3815 3813 3715
3716 3815 3715
3818 3815 3716
3817 3818 3717
3817 3819 3818
3822 3821 3817
3820 3822 3817
3824 3822 3820
3825 3821 3822
3826 3825 3822
3827 3826 3822
3829 3819 3821
3832 3831 3818
3833 3817 3728
3834 3836 3817
3838 3837 3817
3839 3838 3836
3841 3840 3817
3842 3841 3817
3843 3842 3837
3846 3845 3817
3847 3820 3817
3776 3850 3849
3770 3852 3851
3854 3852 3770
3852 3854 3853
3770 3856 3855
3772 3857 3770
3770 3859 3856
3772 3862 3861
3863 3862 3772
3772 3866 3863
3772 3867 3866
3864 3867 3772
3871 3870 3778
3873 3872 3779
3876 3875 3870
3878 3877 3778
3879 3864 3772
3881 3879 3778
3882 3881 3778
3884 3883 3864
3879 3884 3864
3884 3886 3883
3884 3890 3889
3892 3891 3879
3891 3894 3893
3798 3896 3895
3901 3900 3784
3898 3903 3902
3904 3903 3898
3900 3904 3898
3903 3907 3906
3907 3909 3908
3904 3910 3907
3909 3912 3911
3784 3914 3913
3915 3901 3784
3916 3915 3913
3914 3918 3917
3784 3919 3918
3784 3922 3919
3920 3922 3784
3800 3920 3784
3920 3926 3925
3920 3927 3926
3921 3928 3800
3800 3930 3929
3800 3933 3921
3800 3935 3934
3936 3935 3800
3937 3936 3800
3935 3939 3938
3937 3940 3936
3940 3946 3941
3944 3943 3942
3989 3953 3951
3956 3931 3954
3924 3960 3957
3959 3962 3800
3924 3801 3961
3964 3965 3937
3801 3967 3966
3801 3970 3969
3801 3974 3970
3975 3948 3947
3983 3978 3974
3976 3979 3950
3986 3982 3981
3978 3983 3986
3989 3949 3950
3988 3984 3989
3804 3990 3802
3809 3991 3806
4356 3992 3807
3992 3990 3804
4356 3990 3992
3809 4356 3991
3994 3993 4356
3994 3990 3993
3997 3808 3810
3812 3997 3811
3812 3998 3997
3815 3999 3814
3999 3812 3814
4001 4000 3999
4001 3999 3815
3816 4001 3815
4003 4002 4016
4005 4004 3818
4006 4005 3818
4004 3816 3818
4357 4009 4008
4011 3816 4010
4014 4013 4011
4015 4016 3816
4018 4017 4015
4020 4022 4016
4021 4023 4022
4025 4024 4016
4026 4025 4016
4024 4027 4016
4029 4003 4016
4030 4029 4016
4031 4030 4016
4034 4032 3952
3989 4035 4034
3989 4037 4035
4040 4038 4036
3989 4041 4039
3989 4042 4041
3989 4044 4043
4047 4046 4045
4047 4048 4046
4051 4050 4049
4047 4051 4049
4053 4052 4047
3989 3983 3972
4056 4055 4054
4058 4057 3989
4060 4059 3989
4062 4061 3989
4063 4061 4062
4065 4064 4061
4067 4066 3989
4070 4069 4068
4071 4158 3989
4072 4071 4069
4073 4054 3972
4073 4077 4076
3972 4078 4077
3972 4079 4078
4080 4074 3990
4075 4080 3990
3972 4082 4079
4074 4082 3972
4074 4086 4085
4080 4087 4074
4074 4089 4088
4089 4091 4090
4080 4092 4087
4092 4095 4094
4080 4096 4095
4100 3990 3994
3995 4100 3994
4102 4075 3990
4101 4102 4100
4101 4075 4102
4103 4104 4075
4080 4099 4098
4105 4106 3995
4106 4103 4101
4107 4106 4105
3998 4107 3996
4110 4108 4109
4111 4110 4109
4112 4111 4000
4139 4112 4000
4114 4113 4112
4116 4002 4003
4118 4117 4115
4119 4118 4002
4115 4000 4001
4121 4120 4115
4124 4123 4115
4125 4000 4115
4126 4125 4123
4128 4127 4125
4130 4129 4000
4131 4130 4000
4132 4131 4127
4135 4134 4000
4138 4137 4000
4140 4136 4000
4141 4140 4000
4143 4112 4139
4052 4146 4145
4047 4147 4053
4147 4149 4148
4047 4152 4151
4161 4047 4158
4162 4161 4158
4163 4162 4158
4166 4165 4047
4047 4154 4152
4165 4154 4047
4169 4168 4165
4170 4155 4154
4171 4170 4168
4155 4172 4156
4173 4172 4155
4178 4175 4172
4179 4177 4172
4099 4182 4181
4080 4184 4182
4185 4184 4080
4186 4185 4080
4104 4188 4187
4184 4189 4183
4103 4192 4191
4198 4195 4103
4106 4198 4103
4103 4194 4193
4103 4195 4194
4195 4197 4196
4195 4198 4197
4200 4201 4198
4106 4200 4198
4200 4204 4203
4200 4205 4204
4106 4205 4200
4106 4207 4205
4209 4106 4107
4208 4210 4358
4106 4211 4210
4106 4212 4211
4106 4215 4214
4106 4216 4215
4216 4218 4359
4106 4219 4218
4106 4220 4219
4209 4220 4106
4220 4225 4224
4209 4226 4223
4227 4209 4107
4228 4227 4108
4227 4221 4209
4228 4229 4227
4110 4228 4108
4232 4231 4111
4235 4234 4231
4237 4236 4111
4239 4238 4111
4241 4240 4110
4242 4241 4111
4244 4243 4241
4247 4246 4240
4360 4247 4240
4248 4230 4240
4249 4248 4240
4252 4251 4230
4255 4254 4230
4259 4258 4230
4209 4261 4260
4209 4262 4261
4209 4264 4263
4227 4266 4265
4228 4279 4229
4227 4269 4268
4227 4270 4267
4270 4272 4271
4227 4273 4272
4274 4273 4227
4273 4276 4275
4229 4277 4274
4283 4282 4281
4282 4285 4284
4290 4287 4283
4290 4288 4287
4288 4290 4289
4283 4291 4290
4291 4283 4292
4293 4228 4230
4293 4294 4228
4296 4295 4228
4298 4297 4228
4299 4298 4228
4297 4301 4228
4305 4304 4301
4307 4306 4304
4308 4283 4228
4310 4309 4308
4311 4313 4283
4315 4314 4283
4316 4315 4313
4257 4293 4230
4320 4319 4230
4322 4325 4324
4325 4283 4326
4283 4328 4327
4328 4330 4329
4283 4331 4330
4331 4333 4332
4335 4334 4332
4339 4337 4332
4340 4283 4314
4341 4340 4314
4343 4342 4340
4344 4283 4340
4347 4346 4283
4348 4331 4283
4349 4348 4283
4350 4349 4346
4353 4333 4331
4351 4353 4331