-6.88133262110432 40.28488594985566
-6.783352881798265 40.23254782022016
-6.555632661629943 40.285259291417105
-6.562338847012626 40.32618158819412
-6.230054739014406 40.481515697171204
-6.062459161454683 40.39348561864216
-6.098851729725681 40.34859117138532
-5.911917412437759 40.27604979265567
-5.882520877323742 40.33277648749609
-5.791138595419085 40.35649820867229
-5.525593586631061 40.186723793865525
-5.357221404118604 40.2653009933004
-5.342917913695686 40.101099183146204
-4.96415920226076 40.117349453624456
-4.78771034659033 40.276894026518875
-4.607180619973349 40.192731817191316
-4.414841492995549 40.411507323836446
-4.3060133150113415 40.643012843160506
-4.1520496959600734 40.639827433202214
-4.104861400047582 40.77967485187364
-3.5811893153246785 41.158402021306244
-3.1523486645294554 41.2907684716013
-2.6032121039826563 41.22649843218099
-2.367277132623741 41.0584506386663
-2.0455963517421765 41.081039222005785
-2.124504760494659 41.19997415697304
-2.1602947553524814 41.44366064083695
-1.8531528453262922 41.96928040580556
-1.8064837018324624 41.98833298525983
-1.9080788620913154 42.03046715396914
-1.838440772569328 42.15209823456303
-1.6870588065645507 42.13993198237429
-1.687761700200383 42.2079000268576
-1.8529539160081185 42.25029920036883
-1.9132413079251762 42.32998028053498
-1.998712262400005 42.36569132005735
-2.081145395948795 42.3435049120188
-2.111849867041542 42.41453268291613
-2.3753835708440647 42.461473889710675
-2.4174189475484127 42.49145694154947
-2.598705215635789 42.476373855502686
-2.6959897055525346 42.519933345188036
-2.678048980648043 42.5972911570241
-2.757450750231385 42.62458407356081
-2.807069802298969 42.55231325099274
-2.8426901691074704 42.57194941535235
-2.818804588600784 42.61238298743788
-2.867379120513533 42.636456324493224
-2.9112264811873843 42.70013215170201
-2.984175180273354 42.706530716558746
-3.053726028395687 42.76143716683691
-3.151940623855154 42.75181381126035
-3.1238288392655136 42.78938301892762
-3.153358662041711 42.8041218501686
-3.101097978234691 42.87581581898988
-3.1242627612724903 42.88914752733271
-3.161554308233889 42.855289473926945
-3.189142165426631 42.86842224164354
-3.2145353671403143 42.838509552649185
-3.2059785499964164 42.82168590738158
-3.2890450367350184 42.876937794933525
-3.227908826709495 42.94356807601986
-3.145686315933574 42.93734831512194
-3.14851505282914 42.91598170780256
-3.0982433396944487 42.904036703191025
-3.0173514347206947 42.90720435091728
-2.9777942229647465 42.93876456979035
-3.0649047376522276 43.00651797463087
-3.177211202530003 43.01194508628484
-3.1305750820963283 43.099098212373235
-3.1851332989071466 43.12031739440553
-3.1377788740905146 43.166895896164675
-3.224735927364577 43.176364884311965
-3.2542439203502056 43.2011973531917
-3.410566683071039 43.13196372909579
-3.4534267502310456 43.23334034100816
-3.338297677935685 43.29800612338593
-3.2134880923269122 43.28552409674367
-3.1552903283918283 43.304595958602846
-3.1552591966338923 43.350772553271696
-3.234262207684992 43.40049898770437
-3.434681783571307 43.413635165347046
-3.4647439119390526 43.43805381578409
-3.423550022718956 43.4423385845744
-3.426115785733316 43.464828510508
-3.5129566045762317 43.47552002385612
-3.5138083958524646 43.4973974372171
-3.593857335256928 43.51425434718519
-3.7238099677450123 43.4686502135136
-3.8132155711737994 43.40174948253295
-3.828816892489698 43.44304099775013
-3.7711663816243686 43.469915649136965
-3.794417762258462 43.49553043530082
-3.957877861484178 43.46489432062171
-3.9767307730755874 43.43792738252117
-4.042197317608355 43.442900888422884
-4.18077715071945 43.399754062408135
-4.327005033806984 43.38976343879415
-4.344209036471568 43.406661704334425
-4.383791425340405 43.392281778828476
-4.545429303152559 43.399099523155996
-4.657989838700956 43.4015737941771
-4.866607196773316 43.44667895680942
-4.936107799156304 43.46003076188498
-5.03789370090675 43.4596922234756
-5.126600619042961 43.484903430246646
-5.174268493849354 43.47430150711648
-5.222228915250838 43.47466926505808
-5.226060444661044 43.48694042508117
-5.251323294193327 43.50155695077973
-5.264081449242326 43.500780803019865
-5.273749131576352 43.50956730521045
-5.263783905030209 43.516461820004025
-5.29903456471942 43.535526308346476
-5.354401771509657 43.53087695330356
-5.3721521223857 43.53961407172869
-5.412856661336377 43.55536057736691
-5.431579967023879 43.54916576015677
-5.471385208342923 43.55177549369574
-5.494668162321062 43.5438514775677
-5.499281796883224 43.550343585897195
-5.52407963308454 43.55108467483731
-5.529466141334154 43.544975814824085
-5.6088017179425265 43.54994343055233
-5.616244136074187 43.557415136395434
-5.654632319010432 43.54117286144819
-5.698635594694423 43.544436869888955
-5.703159666399387 43.572822498090375
-5.716679018185772 43.56955978384957
-5.789711831496305 43.61273183619562
-5.777091141919129 43.62738247590744
-5.851588033460956 43.66057339652468
-5.867579282996587 43.63004017482973
-5.914533883564985 43.625297525816876
-5.913571796781923 43.607962933711235
-5.946109561840956 43.59882907561041
-5.937743510950497 43.587726576790175
-5.963824170948129 43.57620098701241
-6.034394694543295 43.5872210231326
-6.064265151800527 43.563738850975255
-6.120115261293023 43.55311338357143
-6.153250186014219 43.57018979278237
-6.190031647553383 43.56417720924594
-6.240888401008618 43.592263122544665
-6.249327730237638 43.57744461343418
-6.3529370702108 43.5508980346969
-6.3974528107846425 43.55973415485357
-6.42606311159409 43.55325622827047
-6.467937654454801 43.57132618487651
-6.476302912216141 43.54951998698277
-6.537330420510472 43.547139135636826
-6.6129382444880775 43.55632894669904
-6.6290791605049435 43.57234981469145
-6.67730198521059 43.55908907668086
-6.704386592851108 43.563121335367526
-6.725971507604186 43.5550955728493
-6.734654161439181 43.56490395976624
-6.778912963898307 43.56638140954692
-6.784690820195209 43.556314663893886
-6.856038556823933 43.569645620282614
-6.8771501647976265 43.56043491660208
-6.927949313599015 43.574763786834325
-6.978203447741151 43.55568844398931
-7.0421964771188925 43.56388096040311
-7.054336978313728 43.47532724005433
-7.1809253256109855 43.39996304945484
-7.114083446367118 43.352088245339644
-7.058071898480421 43.31111945852743
-6.944542391983049 43.132893607327475
-6.868273382276641 43.17685415066143
-6.801643601174533 43.13974320998963
-6.979049650684573 43.03413436112265
-6.83521513312175 42.972923650980505
-6.836873576208376 42.81078462025758
-7.017732405948124 42.72580548048717
-7.074862856112929 42.51196419136062
-6.8303294883006345 42.497935765801884
-6.823404068231071 42.39654056764334
-6.727887107554977 42.358017505944986
-6.795597214975402 42.22652810440022
-7.0313628083771675 42.097726807573935
-6.9262465118211765 41.946272818869886
-6.77540727428314 41.985182896948146
-6.549226955325139 41.94285954596927
-6.512042260195784 41.87638517340878
-6.560677502870448 41.72730902396518
-6.499268239477118 41.65382075998812
-6.376233745951367 41.67600250211589
-6.1952845389656375 41.58935479513627
-6.5017011918729395 41.25868604997231
-6.769801843028176 41.13349899803859
-6.8090839338129285 41.02658581055351
-6.942361030612631 41.029068133849194
-6.803412369675982 40.85484721935768
-6.835682550627155 40.56764120781281
-6.779450950696059 40.33273016607947
-6.88133262110432 40.28488594985566