48.43347417844254 28.536174804590686
48.39014705012903 28.601072868263557
48.398979139074584 28.744347643406854
48.335803836608875 28.746293264599572
48.275951339022555 28.80652927628192
48.29258092594549 28.879332333130776
48.2149910638168 28.906516908110845
48.207234452102284 28.94434452257677
48.17176786198047 28.968592937669
48.155146334788526 29.063563525743774
48.08595180041766 29.29676502629583
48.10240057281439 29.35303320627868
48.05031049551303 29.337602496365975
47.99601338530931 29.389750905348208
47.86637152564805 29.320237674435788
47.8198330354403 29.32313343147716
47.84308466965848 29.383935400691897
47.717888919219774 29.35596890158486
47.70018046564934 29.36951379552842
47.88188043531417 29.526764708862558
48.023719902860876 29.57784052353587
48.10682589357157 29.562427342494317
48.17087521587425 29.515602302798
48.18887582120257 29.547638283176454
48.10378177848574 29.73324818269505
48.05796478149293 29.74959311025576
48.00559693058497 29.87382428639114
48.01705186124855 29.9121293472555
48.00396051191902 29.957508866281614
48.0129608145827 29.98798660241738
47.95582587930656 30.007434061645228
47.71413568188896 30.10201253319704
47.37774983590799 30.10615716303053
47.20203646318828 30.03832807014797
47.12072333332972 29.963406255075213
47.00059826822272 29.667925843831483
46.775758315985456 29.32511313281195
46.56178584333608 29.1042731903608
47.46949681426935 28.998622818345652
47.60091148216384 28.800267801318768
47.587434925007415 28.660179584997024
47.70640210620488 28.52419736378957
48.43347417844254 28.536174804590686