6.920000 46.079998 -0.000000
6.960000 46.039997 -0.000000
6.944000 46.063999 -0.000000
7.000004 45.999996 -0.000000
6.984000 46.023998 -0.000000
7.039999 45.959999 -0.000000
7.024000 45.983997 -0.000000
7.079999 45.919998 -0.000000
7.064000 45.944000 -0.000000
7.119999 45.879997 -0.000000
7.104000 45.903999 -0.000000
7.136001 45.903999 -0.000000
7.130000 46.000000 -0.000000
7.180000 45.919998 -0.000000
7.220000 45.919998 -0.000000
7.298750 46.014999 -0.000000
7.260000 45.919998 -0.000000
7.320000 45.919998 -0.000000
7.336000 45.944000 -0.000000
7.380000 45.959999 -0.000000
7.420000 45.959999 -0.000000
7.460000 45.959999 -0.000000
7.495997 45.983994 -0.000000
7.480000 45.959999 -0.000000
7.540005 46.000000 -0.000000
7.640000 46.000000 -0.000000
7.660000 46.099998 -0.000000
7.660000 45.999996 -0.000000
7.719996 45.959999 -0.000000
7.703997 45.983997 -0.000000
7.740000 45.959999 -0.000000
7.780000 45.959999 -0.000000
7.855625 46.088749 -0.000000
7.820000 45.959999 -0.000000
7.860000 45.959999 -0.000000
7.880000 45.959999 -0.000000
7.896000 45.983997 -0.000000
7.919998 45.999996 -0.000000
7.936001 46.023998 -0.000000
7.980000 46.039997 -0.000000
8.000000 46.039997 -0.000000
8.016000 46.063999 -0.000000
8.040000 46.079998 -0.000000
8.840000 46.000000 -0.000000
8.840000 46.020000 -0.000000
8.840000 46.059998 -0.000000
8.880000 45.919998 -0.000000
8.879998 45.940002 -0.000000
8.864001 45.983994 -0.000000
8.920000 45.879997 -0.000000
8.903999 45.903999 -0.000000
8.959999 45.840000 -0.000000
8.943997 45.863998 -0.000000
9.000000 45.980000 -0.000000
9.015998 45.936005 -0.000000
9.015999 46.023998 -0.000000
9.040002 46.060001 -0.000000
9.020000 45.840000 -0.000000
9.040000 45.848904 -0.000000
9.040000 45.840000 -0.000000
9.040000 45.899998 -0.000000
9.040000 45.919998 -0.000000
9.040000 46.039997 -0.000000
5.960000 46.160000 -0.000000
5.980000 46.160000 -0.000000
5.984000 46.175999 -0.000000
6.000000 46.200001 -0.000000
6.020000 46.160000 -0.000000
6.020000 46.180000 -0.000000
6.060000 46.160000 -0.000000
6.060000 46.200001 -0.000000
6.100000 46.160000 -0.000000
6.100000 46.180000 -0.000000
6.104000 46.216000 -0.000000
6.119999 46.259998 -0.000000
6.120000 46.279999 -0.000000
6.120000 46.399998 -0.000000
6.120000 46.160000 -0.000000
6.136002 46.183998 -0.000000
6.144000 46.295998 -0.000000
6.160000 46.320000 -0.000000
6.140000 46.399998 -0.000000
6.180000 46.199997 -0.000000
6.216002 46.223999 -0.000000
6.240000 46.299999 -0.000000
6.184000 46.335999 -0.000000
6.184000 46.383999 -0.000000
6.200000 46.200001 -0.000000
6.260000 46.239998 -0.000000
6.256000 46.256001 -0.000000
6.240000 46.340000 -0.000000
6.256001 46.383999 -0.000000
6.280000 46.239998 -0.000000
6.300000 46.399998 -0.000000
6.340000 46.399998 -0.000000
6.360000 46.399998 -0.000000
6.119999 46.429993 -0.000000
6.120000 46.480000 -0.000000
6.160000 46.539997 -0.000000
6.160000 46.599998 -0.000000
6.143999 46.495998 -0.000000
6.180000 46.599998 -0.000000
6.224000 46.615997 -0.000000
6.240000 46.639999 -0.000000
6.304000 46.655998 -0.000000
6.260000 46.639999 -0.000000
6.300000 46.439999 -0.000000
6.320000 46.680000 -0.000000
6.344000 46.695999 -0.000000
6.376000 46.424000 -0.000000
6.425000 46.645000 -0.000000
6.360000 46.719997 -0.000000
6.380000 46.719997 -0.000000
6.420000 46.439999 -0.000000
6.445000 46.489998 -0.000000
6.423996 46.735996 -0.000000
6.460000 46.439999 -0.000000
6.463999 46.775997 -0.000000
6.480000 46.439999 -0.000000
6.496000 46.464001 -0.000000
6.540000 46.480000 -0.000000
6.580000 46.564999 -0.000000
6.580000 46.480000 -0.000000
6.660005 46.480000 -0.000000
6.720000 46.594997 -0.000000
6.719999 46.439999 -0.000000
6.703996 46.464001 -0.000000
6.760000 46.720001 -0.000000
6.440000 46.759998 -0.000000
6.480000 46.919998 -0.000000
6.480000 46.820000 -0.000000
6.504005 46.936005 -0.000000
6.520000 46.959999 -0.000000
6.540000 46.959999 -0.000000
6.580000 46.959999 -0.000000
6.624000 46.975998 -0.000000
6.660000 47.000000 -0.000000
6.704000 47.015999 -0.000000
6.720000 47.059998 -0.000000
6.720000 47.079998 -0.000000
6.800000 46.320000 -0.000000
6.800000 46.340000 -0.000000
6.800000 46.360008 -0.000000
6.840000 46.239998 -0.000000
6.840000 46.259998 -0.000000
6.824001 46.303993 -0.000000
6.823994 46.376003 -0.000000
6.880000 46.119999 -0.000000
6.880000 46.139999 -0.000000
6.880000 46.180000 -0.000000
6.864000 46.223999 -0.000000
6.943125 46.358749 -0.000000
6.904000 46.104000 -0.000000
6.987187 46.161873 -0.000000
6.740000 46.439999 -0.000000
6.780000 46.439991 -0.000000
6.809999 46.474998 -0.000000
6.823994 46.423992 -0.000000
6.885000 46.589996 -0.000000
6.913750 46.702499 -0.000000
7.055000 46.542496 -0.000000
6.779375 46.868748 -0.000000
6.876250 47.035000 -0.000000
6.967500 46.914997 -0.000000
6.740005 47.079998 -0.000000
6.784000 47.096001 -0.000000
6.799997 47.119999 -0.000000
6.824000 47.135998 -0.000000
6.860000 47.160000 -0.000000
6.904000 47.175999 -0.000000
6.920000 47.200001 -0.000000
6.944000 47.216000 -0.000000
6.960004 47.240002 -0.000000
6.984004 47.256004 -0.000000
7.000000 47.279999 -0.000000
6.996250 47.172501 -0.000000
7.039999 47.340000 -0.000000
6.880000 47.360001 -0.000000
6.920000 47.399998 -0.000000
6.940000 47.399998 -0.000000
6.944000 47.416000 -0.000000
6.960000 47.439999 -0.000000
6.980000 47.399998 -0.000000
6.984000 47.455997 -0.000000
7.000000 47.480000 -0.000000
7.024000 47.383999 -0.000000
7.020000 47.480000 -0.000000
7.156250 46.397499 -0.000000
7.163750 46.257500 -0.000000
7.240000 46.139999 -0.000000
7.344999 46.424999 -0.000000
7.355000 46.219997 -0.000000
7.308750 46.590622 -0.000000
7.400000 46.760002 -0.000000
7.156562 46.835625 -0.000000
7.087500 47.000000 -0.000000
7.324687 46.953125 -0.000000
7.378750 47.101250 -0.000000
7.023999 47.295998 -0.000000
7.101250 47.333748 -0.000000
7.193749 47.187500 -0.000000
7.260010 47.399998 -0.000000
7.303997 47.415997 -0.000000
7.060000 47.480000 -0.000000
7.100000 47.480000 -0.000000
7.141855 47.480000 -0.000000
7.176001 47.416000 -0.000000
7.160001 47.459999 -0.000000
7.160000 47.480000 -0.000000
7.220000 47.400002 -0.000000
7.319998 47.439999 -0.000000
7.523750 46.278748 -0.000000
7.676875 46.333752 -0.000000
7.515000 46.479996 -0.000000
7.497500 46.645000 -0.000000
7.648125 46.539997 -0.000000
7.642500 46.775002 -0.000000
7.690000 46.720001 -0.000000
7.520000 46.909996 -0.000000
7.540000 47.067501 -0.000000
7.674375 46.928749 -0.000000
7.673125 47.131248 -0.000000
7.577500 47.309998 -0.000000
7.380000 47.439999 -0.000000
7.420000 47.439999 -0.000000
7.460005 47.439999 -0.000000
7.503998 47.455997 -0.000000
7.520000 47.520000 -0.000000
7.519999 47.500000 -0.000000
7.544000 47.535999 -0.000000
7.559999 47.559998 -0.000000
7.580000 47.559998 -0.000000
7.620000 47.559998 -0.000000
7.650000 47.479996 -0.000000
7.660000 47.559998 -0.000000
7.808750 46.217499 -0.000000
7.938750 46.273750 -0.000000
7.791250 46.628746 -0.000000
7.780000 46.439999 -0.000000
7.972187 46.471870 -0.000000
7.956250 46.777500 -0.000000
8.057500 46.699375 -0.000000
7.809999 46.824997 -0.000000
7.868125 47.028751 -0.000000
7.973750 46.922501 -0.000000
7.824375 47.410004 -0.000000
7.822187 47.184372 -0.000000
8.062500 47.127499 -0.000000
8.094999 47.352501 -0.000000
7.740000 47.520000 -0.000000
7.696000 47.535999 -0.000000
7.680000 47.559998 -0.000000
7.780000 47.520000 -0.000000
7.820000 47.520000 -0.000000
7.860000 47.520000 -0.000000
7.940000 47.520000 -0.000000
8.000000 47.559998 -0.000000
8.056000 46.104000 -0.000000
8.096004 46.144001 -0.000000
8.120000 46.259998 -0.000000
8.080000 46.119999 -0.000000
8.120000 46.160000 -0.000000
8.120000 46.199997 -0.000000
8.136000 46.303993 -0.000000
8.160001 46.320000 -0.000000
8.176001 46.343998 -0.000000
8.184999 46.409996 -0.000000
8.220000 46.359997 -0.000000
8.240000 46.360001 -0.000000
8.256000 46.383999 -0.000000
8.280000 46.399998 -0.000000
8.295000 46.551247 -0.000000
8.210000 46.705002 -0.000000
8.296000 46.424000 -0.000000
8.160000 46.859997 -0.000000
8.200000 47.000000 -0.000000
8.376249 47.077499 -0.000000
8.331875 46.881248 -0.000000
8.221875 47.229996 -0.000000
8.224999 47.400002 -0.000000
7.984002 47.535999 -0.000000
8.039999 47.559998 -0.000000
8.099995 47.559998 -0.000000
8.144004 47.576004 -0.000000
8.160000 47.599998 -0.000000
8.179999 47.599998 -0.000000
8.240000 47.599998 -0.000000
8.377501 47.437500 -0.000000
8.300005 47.559998 -0.000000
8.440000 46.360001 -0.000000
8.440000 46.426167 -0.000000
8.480000 46.239998 -0.000000
8.480000 46.258144 -0.000000
8.480000 46.299999 -0.000000
8.464002 46.343994 -0.000000
8.500000 46.239998 -0.000000
8.559999 46.200001 -0.000000
8.543999 46.223999 -0.000000
8.580000 46.200001 -0.000000
8.620005 46.199993 -0.000000
8.639999 46.384998 -0.000000
8.340000 46.439999 -0.000000
8.360000 46.439999 -0.000000
8.375999 46.464001 -0.000000
8.431250 46.717499 -0.000000
8.440000 46.419998 -0.000000
8.424000 46.464001 -0.000000
8.517500 46.549995 -0.000000
8.650000 46.639999 -0.000000
8.486876 46.948746 -0.000000
8.618750 46.839996 -0.000000
8.363750 47.277496 -0.000000
8.568438 47.275623 -0.000000
8.340000 47.559998 -0.000000
8.380000 47.559998 -0.000000
8.420000 47.559998 -0.000000
8.440000 47.680000 -0.000000
8.464000 47.576000 -0.000000
8.480000 47.599998 -0.000000
8.479999 47.680000 -0.000000
8.520000 47.497498 -0.000000
8.500000 47.599998 -0.000000
8.500000 47.679996 -0.000000
8.540000 47.599998 -0.000000
8.520000 47.680000 -0.000000
8.580000 47.599998 -0.000000
8.580000 47.680000 -0.000000
8.624000 47.615997 -0.000000
8.624000 47.663994 -0.000000
8.440000 47.700001 -0.000000
8.440000 47.719997 -0.000000
8.463996 47.735996 -0.000000
8.480000 47.759998 -0.000000
8.560000 47.720001 -0.000000
8.500000 47.759998 -0.000000
8.544000 47.775997 -0.000000
8.560000 47.799999 -0.000000
8.616001 47.776001 -0.000000
8.600001 47.799999 -0.000000
8.679997 46.160000 -0.000000
8.663996 46.183998 -0.000000
8.700006 46.160000 -0.000000
8.759997 46.119999 -0.000000
8.743996 46.144001 -0.000000
8.780000 46.119999 -0.000000
8.823999 46.104000 -0.000000
8.830000 46.235001 -0.000000
9.020000 46.227497 -0.000000
9.025625 46.445000 -0.000000
8.820000 46.499996 -0.000000
8.858749 46.688751 -0.000000
8.700624 47.048752 -0.000000
8.838749 46.842499 -0.000000
8.903125 47.008751 -0.000000
9.023749 46.822498 -0.000000
8.724063 47.471249 -0.000000
8.781250 47.192497 -0.000000
8.913750 47.322502 -0.000000
8.960000 47.179996 -0.000000
8.896001 47.655998 -0.000000
8.985000 47.514996 -0.000000
8.940000 47.639999 -0.000000
8.680001 47.759998 -0.000000
8.660000 47.759998 -0.000000
8.696000 47.736000 -0.000000
8.767468 47.719997 -0.000000
8.740000 47.719997 -0.000000
8.816000 47.695999 -0.000000
8.800000 47.719997 -0.000000
8.860000 47.680000 -0.000000
8.880000 47.680000 -0.000000
9.056001 46.104000 -0.000000
9.080000 46.119999 -0.000000
9.096000 46.143997 -0.000000
9.120006 46.160004 -0.000000
9.136000 46.183998 -0.000000
9.176002 46.223999 -0.000000
9.160000 46.200001 -0.000000
9.200001 46.239998 -0.000000
9.216000 46.264000 -0.000000
9.210000 46.330002 -0.000000
9.240000 46.279999 -0.000000
9.240000 46.299999 -0.000000
9.256000 46.343998 -0.000000
9.256010 46.376007 -0.000000
9.039999 46.645000 -0.000000
9.168749 46.705002 -0.000000
9.208750 46.519997 -0.000000
9.240012 46.419998 -0.000000
9.240000 46.459999 -0.000000
9.256000 46.503998 -0.000000
9.094999 46.959999 -0.000000
9.240000 46.839996 -0.000000
9.264375 47.014999 -0.000000
9.129218 47.337189 -0.000000
9.120000 47.159996 -0.000000
9.346875 47.168747 -0.000000
8.980000 47.639999 -0.000000
9.023999 47.655998 -0.000000
9.056005 47.656006 -0.000000
9.176250 47.557495 -0.000000
9.100000 47.640007 -0.000000
9.139999 47.639999 -0.000000
9.179999 47.639999 -0.000000
9.220000 47.639999 -0.000000
9.296000 47.615997 -0.000000
9.260000 47.639999 -0.000000
9.040009 47.680000 -0.000000
9.280000 46.360016 -0.000000
9.520000 46.360001 -0.000000
9.520000 46.419998 -0.000000
9.540000 46.359997 -0.000000
9.599998 46.320000 -0.000000
9.583999 46.343998 -0.000000
9.299995 46.520000 -0.000000
9.340000 46.520000 -0.000000
9.377501 46.666252 -0.000000
9.380000 46.520000 -0.000000
9.420005 46.520000 -0.000000
9.479998 46.480000 -0.000000
9.464000 46.503998 -0.000000
9.504000 46.464001 -0.000000
9.553438 46.631874 -0.000000
9.665000 46.760002 -0.000000
9.415000 46.842499 -0.000000
9.579375 46.985001 -0.000000
9.411250 47.327499 -0.000000
9.535998 47.303993 -0.000000
9.520000 47.259998 -0.000000
9.576000 47.175999 -0.000000
9.559999 47.200001 -0.000000
9.536000 47.216000 -0.000000
9.575996 47.343994 -0.000000
9.615999 47.056000 -0.000000
9.559999 47.320000 -0.000000
9.280000 47.639999 -0.000000
9.340000 47.599998 -0.000000
9.415998 47.576004 -0.000000
9.400000 47.599998 -0.000000
9.536000 47.495998 -0.000000
9.460005 47.559998 -0.000000
9.496000 47.535999 -0.000000
9.480000 47.559998 -0.000000
9.576000 47.455997 -0.000000
9.520000 47.520000 -0.000000
9.615997 47.383995 -0.000000
9.559999 47.480000 -0.000000
9.620000 46.320000 -0.000000
9.673124 46.438751 -0.000000
9.660000 46.320000 -0.000000
9.700000 46.320000 -0.000000
9.740000 46.320000 -0.000000
9.760000 46.320000 -0.000000
9.776000 46.343998 -0.000000
9.837500 46.415001 -0.000000
9.820005 46.360001 -0.000000
9.880000 46.360001 -0.000000
9.896000 46.383999 -0.000000
9.914062 46.548122 -0.000000
9.891874 46.763752 -0.000000
9.719999 47.040001 -0.000000
9.770000 46.930000 -0.000000
9.776000 47.015999 -0.000000
9.840000 46.980000 -0.000000
9.820000 47.000000 -0.000000
9.895998 46.896000 -0.000000
9.856000 46.936001 -0.000000
9.840000 47.000000 -0.000000
9.880001 46.919998 -0.000000
9.600000 47.099998 -0.000000
9.599999 47.139999 -0.000000
9.599999 47.160000 -0.000000
9.599999 47.360001 -0.000000
9.660000 47.040001 -0.000000
9.740000 47.039997 -0.000000
9.760000 47.039997 -0.000000
9.616000 47.416000 -0.000000
9.599999 47.439999 -0.000000
9.639999 47.399998 -0.000000
9.940000 46.399998 -0.000000
10.000000 46.320000 -0.000000
10.000000 46.340000 -0.000000
9.983999 46.383999 -0.000000
10.040001 46.279999 -0.000000
10.024004 46.303993 -0.000000
10.080000 46.239998 -0.000000
10.063999 46.264000 -0.000000
10.056001 46.416000 -0.000000
10.115362 46.239998 -0.000000
10.120000 46.299999 -0.000000
10.120000 46.340000 -0.000000
10.099994 46.400005 -0.000000
10.139999 46.239998 -0.000000
10.136001 46.256001 -0.000000
10.136000 46.383999 -0.000000
10.160000 46.239998 -0.000000
10.040000 46.459999 -0.000000
10.080000 46.579998 -0.000000
10.070000 46.747501 -0.000000
10.040000 46.500000 -0.000000
10.056000 46.543999 -0.000000
10.080000 46.559998 -0.000000
10.096000 46.623993 -0.000000
10.139999 46.399998 -0.000000
10.140004 46.639999 -0.000000
10.160000 46.399998 -0.000000
10.400000 46.660000 -0.000000
10.219999 46.639999 -0.000000
9.940000 46.880001 -0.000000
9.980000 46.879997 -0.000000
10.015997 46.855999 -0.000000
10.000000 46.879997 -0.000000
10.059999 46.840000 -0.000000
10.159999 46.840000 -0.000000
10.119999 46.840000 -0.000000
10.219999 46.840004 -0.000000
10.280000 46.559998 -0.000000
10.280000 46.579994 -0.000000
10.264000 46.624001 -0.000000
10.300000 46.559998 -0.000000
10.340000 46.559998 -0.000000
10.380000 46.559998 -0.000000
10.416001 46.615997 -0.000000
10.350000 46.760002 -0.000000
10.420000 46.559998 -0.000000
10.400000 46.700001 -0.000000
10.440000 46.559998 -0.000000
10.455999 46.584000 -0.000000
10.460000 46.599998 -0.000000
10.480000 46.599998 -0.000000
10.263997 46.856003 -0.000000
10.279995 46.879997 -0.000000
10.304005 46.896004 -0.000000
10.320005 46.920002 -0.000000
10.344000 46.936001 -0.000000
10.360000 46.959999 -0.000000
10.440001 46.879971 -0.000000
10.440001 46.949997 -0.000000
10.380000 46.959999 -0.000000
10.400000 46.739998 -0.000000
10.400002 46.779999 -0.000000
10.420000 46.959999 -0.000000
10.440000 46.839996 -0.000000
10.440000 46.959999 -0.000000
6.639999 47.000000 0.000000
7.022500 46.755001 -0.000000
6.840000 47.160000 0.000000
8.255996 47.576004 -0.000000
8.220000 47.599998 0.000000
10.416001 46.823997 0.000000