5 1 2
3 5 2
13 9 10
17 4 5
6 18 5
21 14 15
21 15 16
19 24 18
24 17 18
8 788 26
27 21 24
7 32 31
29 22 19
32 30 31
34 33 30
35 33 34
36 37 33
28 24 33
38 39 37
40 28 37
40 37 39
41 28 40
43 41 42
45 44 13
49 46 47
49 47 45
49 45 11
51 50 49
52 11 21
53 52 27
53 27 28
54 52 53
56 49 52
57 54 53
55 57 53
62 28 41
65 28 62
66 28 63
67 28 66
68 53 28
69 28 67
55 53 68
789 55 70
790 57 55
49 71 51
49 73 71
74 75 73
78 83 82
85 79 80
83 84 82
88 56 791
81 77 76
81 76 56
89 56 88
99 94 95
97 112 96
100 94 99
101 112 98
101 98 100
104 85 81
103 102 85
104 106 103
108 106 104
112 89 90
113 81 89
114 113 112
115 104 113
116 112 101
117 112 116
119 117 118
120 117 119
121 117 120
123 114 117
122 117 121
124 123 122
126 111 108
127 108 104
130 126 127
134 135 132
130 136 134
139 137 130
140 127 115
142 140 141
142 143 140
145 115 123
144 123 124
146 145 123
141 115 145
149 142 148
150 142 149
151 142 150
152 142 151
154 155 153
139 157 156
159 157 139
159 160 158
163 139 142
164 139 163
165 142 152
167 163 166
170 163 168
172 164 169
171 172 169
173 164 172
175 173 174
186 178 179
183 181 186
183 185 184
186 162 161
186 161 159
188 186 164
188 164 187
189 186 188
187 164 173
190 173 176
194 192 193
195 187 192
196 192 194
197 195 196
198 195 197
199 195 198
204 200 189
200 205 201
208 205 204
209 208 204
210 207 208
208 211 210
195 189 187
212 195 199
213 195 212
214 204 195
215 214 213
216 214 215
217 214 216
218 219 214
203 226 225
226 224 225
233 224 226
233 228 224
222 232 230
222 235 231
222 236 235
208 239 211
233 239 208
242 208 209
240 233 226
233 240 241
221 247 219
247 214 219
245 247 244
247 209 214
248 247 246
252 246 245
253 248 246
255 247 254
251 247 255
261 259 257
265 263 261
268 266 264
261 257 258
261 258 222
269 268 237
270 237 243
272 242 249
275 272 274
276 272 275
277 270 272
278 272 276
280 272 278
272 281 277
279 282 272
283 286 285
290 267 268
290 793 288
294 292 290
295 268 269
296 269 270
295 269 296
298 295 296
299 277 281
279 300 282
304 277 302
305 277 303
307 277 305
308 277 306
309 297 308
794 297 309
310 313 297
311 313 310
321 317 318
319 323 322
325 795 320
329 322 323
329 326 327
359 329 324
359 324 325
359 325 321
315 312 328
315 328 329
332 284 285
286 332 285
332 330 331
335 336 332
321 318 316
321 316 332
321 332 336
337 321 336
342 321 339
358 359 321
346 345 294
348 796 347
349 347 346
351 294 295
352 351 295
353 298 297
352 295 298
354 298 353
355 352 354
356 354 313
357 356 313
359 315 329
359 313 315
360 313 359
396 360 361
362 358 342
363 358 362
365 358 364
366 358 365
361 359 358
367 358 366
368 361 358
370 368 367
371 398 368
372 398 371
373 398 372
387 385 349
388 349 381
389 381 351
389 351 352
390 381 389
392 389 391
393 391 355
394 355 356
395 393 357
396 357 360
397 357 396
399 396 368
400 399 398
375 401 374
403 376 402
404 376 403
405 401 404
406 398 401
797 401 405
408 406 401
409 401 407
410 406 408
414 412 387
418 414 388
419 417 414
423 388 390
424 390 393
425 393 395
425 395 397
464 426 400
431 406 410
411 431 410
428 431 427
429 431 428
433 431 429
432 433 429
433 400 431
470 400 433
434 433 432
437 434 435
436 437 435
440 433 438
442 433 439
443 441 442
444 433 441
446 422 421
451 446 418
449 448 446
455 454 423
456 418 454
458 455 423
459 458 457
495 455 458
457 424 425
460 457 425
463 460 425
462 457 460
462 459 457
464 463 426
465 463 464
461 460 465
466 465 464
469 464 467
470 467 400
472 470 471
474 470 472
468 467 470
475 470 474
479 470 477
481 433 444
483 452 451
491 483 451
483 489 488
491 492 490
491 493 492
485 451 456
495 485 456
497 485 495
497 491 485
498 495 459
498 496 495
500 462 461
499 498 462
533 462 500
500 461 465
501 500 466
502 466 469
504 502 503
504 501 502
503 468 478
503 469 468
506 503 478
505 506 478
509 503 506
510 503 509
511 510 509
512 510 511
513 508 507
491 514 494
491 517 516
491 520 519
524 522 515
522 523 521
524 525 522
515 491 497
527 497 496
528 515 497
528 497 527
528 524 515
530 529 499
531 527 529
532 531 530
533 499 462
534 530 533
536 501 504
537 504 503
538 537 510
539 538 510
540 537 538
540 536 537
541 538 539
543 538 542
544 545 543
548 545 547
549 545 548
549 550 538
555 552 553
555 553 554
555 554 556
558 556 557
559 526 524
559 560 526
562 559 528
568 562 567
571 530 534
570 571 534
569 532 571
570 534 535
572 571 570
574 570 573
573 535 536
575 573 536
576 575 540
578 575 576
579 540 538
579 550 551
577 540 579
580 577 579
582 555 558
583 555 581
584 579 583
585 579 584
586 579 585
587 579 586
588 579 587
589 580 588
590 566 562
590 591 566
594 562 568
596 594 568
596 568 595
593 592 594
595 568 569
597 595 569
598 597 572
599 572 574
601 599 600
602 573 575
600 574 573
578 602 575
604 602 578
603 600 602
605 578 576
605 576 577
606 578 605
608 577 580
608 605 577
610 608 609
612 608 610
613 608 611
614 608 613
616 608 614
607 580 589
622 620 618
626 624 622
596 593 594
627 593 596
622 618 593
629 622 627
630 627 628
628 596 595
631 628 595
631 595 597
632 597 598
665 632 633
634 599 601
634 601 603
635 634 603
637 603 604
638 606 636
640 608 615
636 606 608
641 636 608
643 608 640
645 636 644
646 636 645
647 639 646
627 650 649
627 652 651
653 627 630
627 654 652
653 657 655
653 658 657
653 799 658
660 661 659
662 630 631
662 631 632
663 653 662
660 653 663
666 662 665
667 633 634
669 666 667
668 634 635
671 668 670
670 635 637
673 670 638
675 674 639
676 638 674
678 672 677
679 672 678
680 672 679
681 672 680
685 683 682
682 661 660
688 663 664
689 660 663
690 663 687
691 664 666
694 697 696
691 699 697
691 700 699
703 691 698
706 702 703
707 669 668
708 692 669
707 710 800
711 713 710
712 707 716
717 716 671
718 671 673
718 673 672
719 672 681
720 718 719
720 721 718
722 723 721
727 723 725
728 718 723
729 723 727
731 705 701
732 702 706
737 735 733
738 733 711
742 740 737
802 737 738
743 712 717
745 743 744
746 743 745
772 738 743
748 743 746
749 717 718
751 749 726
752 750 749
751 753 749
751 755 753
761 726 760
762 726 761
763 726 762
765 726 763
766 751 764
767 756 751
768 751 766
742 803 769
772 802 738
742 773 770
775 771 772
780 743 747
781 772 743
782 743 778
786 772 781
759 787 758
3 6 5
11 13 10
18 17 5
21 20 14
17 21 16
19 22 24
21 23 20
24 21 17
21 25 23
21 26 25
21 8 26
21 11 8
28 27 24
32 34 30
33 24 22
35 36 33
37 28 33
42 41 40
13 44 12
11 45 13
49 48 46
49 50 48
27 52 21
52 49 11
54 56 52
54 58 56
57 61 60
64 63 28
65 64 28
69 68 28
70 55 68
790 61 57
71 73 72
49 74 73
81 80 77
81 85 80
83 85 84
56 74 49
59 86 58
86 56 58
86 87 56
56 76 74
87 791 56
89 81 56
90 89 88
91 92 88
92 90 88
94 98 93
96 112 90
98 112 97
100 98 94
85 102 84
104 103 85
106 108 105
108 109 107
108 110 109
108 111 110
113 104 81
112 113 89
115 127 104
114 115 113
117 114 112
118 117 116
122 123 117
123 115 114
126 125 111
127 126 108
126 128 125
126 129 128
126 131 129
130 132 126
126 133 131
130 134 132
130 137 136
139 138 137
140 143 127
141 140 115
143 130 127
143 139 130
147 146 123
148 142 141
154 153 138
139 154 138
154 139 156
159 158 157
142 139 143
164 159 139
165 163 142
165 166 163
167 168 163
170 169 163
169 164 163
172 174 173
175 176 173
186 180 178
186 181 180
183 182 181
183 184 182
186 177 162
164 186 159
186 179 177
187 189 188
200 183 186
189 200 186
190 192 173
192 187 173
191 193 192
196 195 192
201 205 202
204 205 200
208 206 205
208 207 206
195 204 189
213 214 195
214 209 204
217 218 214
220 221 219
224 228 223
228 230 227
230 232 229
233 230 228
222 231 232
233 222 230
235 236 234
222 792 236
237 222 233
238 240 226
233 241 239
242 233 208
243 237 233
242 243 233
221 244 247
245 246 247
247 242 209
249 242 247
250 249 247
251 250 247
254 247 248
256 250 251
261 260 259
261 262 260
261 263 262
268 264 265
268 267 266
237 261 222
268 265 261
237 268 261
270 269 237
271 249 250
272 243 242
273 274 272
272 270 243
280 279 272
272 282 281
290 287 267
290 288 287
290 289 793
290 291 289
290 292 291
294 293 292
295 290 268
277 296 270
277 297 296
297 298 296
301 300 279
302 277 299
304 303 277
307 306 277
308 297 277
794 310 297
311 314 313
321 320 317
321 325 320
329 327 322
329 328 326
332 331 284
332 334 330
333 335 332
332 316 334
337 338 321
338 339 321
340 341 339
341 342 339
294 343 293
294 344 343
294 345 344
349 348 347
294 349 346
349 350 348
295 294 290
351 381 294
354 353 297
354 352 298
313 354 297
356 355 354
361 360 359
360 357 313
342 358 321
363 364 358
367 368 358
369 370 367
370 371 368
373 374 398
349 378 350
349 379 378
349 380 379
349 382 380
349 383 382
349 384 383
349 385 384
388 387 349
381 349 294
390 388 381
391 389 352
355 391 352
393 392 391
392 390 389
357 394 356
394 393 355
357 393 394
397 395 357
368 396 361
398 399 368
399 397 396
374 401 398
376 401 375
402 376 377
404 401 376
797 407 401
409 408 401
406 400 398
387 412 386
414 413 412
388 414 387
414 415 413
414 416 415
414 417 416
418 419 414
418 421 419
421 422 420
454 418 388
423 454 388
393 390 392
424 423 390
425 424 393
426 425 397
426 463 425
399 426 397
400 426 399
411 427 431
431 400 406
430 432 429
437 433 434
438 433 437
440 439 433
442 441 433
446 445 422
418 446 421
446 447 445
446 448 447
451 449 446
451 450 449
451 453 450
451 452 453
456 451 418
455 456 454
495 456 455
457 423 424
457 458 423
459 495 458
461 462 460
465 460 463
467 464 400
468 469 467
469 466 464
471 470 433
475 473 470
476 470 473
477 470 476
478 468 470
479 478 470
481 471 433
483 482 452
483 484 482
483 486 484
483 487 486
485 491 451
483 488 487
483 490 489
483 491 490
491 494 493
496 497 495
529 496 498
499 529 498
462 498 459
466 500 465
501 533 500
503 502 469
502 501 466
480 505 478
505 507 506
507 508 506
510 537 503
491 516 514
491 518 517
491 519 518
522 520 491
515 522 491
520 522 521
524 526 525
529 527 496
531 528 527
530 531 529
533 530 499
501 534 533
535 534 501
536 535 501
512 539 510
537 536 504
541 542 538
543 545 538
546 547 545
549 538 545
552 555 551
558 555 556
559 562 561
562 563 561
562 564 563
562 565 564
562 566 565
528 559 524
567 562 528
531 567 528
532 567 531
532 569 567
569 568 567
571 532 530
572 569 571
573 570 535
574 572 570
540 575 536
577 576 540
550 579 538
555 579 551
582 581 555
583 579 555
588 580 579
594 590 562
594 592 590
572 597 569
600 599 574
599 598 572
602 600 573
604 603 602
603 601 600
606 604 578
609 608 580
612 611 608
608 606 605
616 615 608
622 621 620
622 623 621
622 624 623
626 625 624
593 619 617
593 618 619
628 627 596
627 622 593
629 626 622
632 631 597
631 630 628
633 632 598
599 633 598
634 633 599
606 637 604
637 635 603
638 637 606
639 638 636
642 641 608
643 642 608
644 636 641
646 639 636
798 646 645
626 648 625
627 649 629
627 651 650
653 655 627
627 655 654
655 657 656
653 659 799
653 660 659
662 653 630
664 663 662
665 662 632
666 664 662
667 665 633
668 667 634
667 666 665
668 669 667
670 668 635
638 670 637
673 671 670
672 673 638
674 638 639
676 672 638
677 672 676
682 683 661
685 684 683
685 686 684
688 687 663
689 682 660
690 689 663
692 691 666
693 688 664
664 694 693
691 694 664
695 691 692
694 691 697
695 698 691
691 701 700
702 701 691
703 702 691
704 703 698
669 692 666
669 709 708
707 709 669
707 800 709
707 711 710
712 711 707
711 714 713
711 715 714
716 707 668
671 716 668
717 712 716
718 717 671
719 718 672
801 722 721
723 718 721
724 725 723
728 726 718
729 728 723
731 730 705
702 731 701
711 734 715
711 733 734
737 736 735
738 737 733
737 739 736
737 740 739
742 741 740
802 742 737
743 711 712
743 738 711
744 743 717
748 747 743
726 749 718
750 744 717
749 750 717
749 753 752
753 755 754
751 757 755
756 757 751
757 759 758
756 759 757
760 726 728
764 751 726
765 764 726
768 767 751
742 769 741
742 770 803
771 742 802
772 771 802
742 774 773
804 774 742
771 804 742
776 775 772
777 776 772
779 778 743
780 779 743
782 781 743
783 782 778
784 777 772
785 784 772
786 785 772