6.383084033113249 49.468106407114874
6.358531000977422 49.55720861090137
6.528786019556151 49.80433795405327
6.33092705585986 49.83802094274094
6.254018899199622 49.88313329145626
6.227946079619699 49.93796880844758
6.177121273639756 49.954771494490075
6.113964629704725 50.05894120292186
6.135534789772294 50.132915901480885
6.106550248241092 50.169557232315384
6.051311625211241 50.154725498516115
6.025343773544165 50.183506099098906
5.955670531391888 50.176026716477566
5.960270386516299 50.13203732481807
5.90295576389903 50.11568706885663
5.819424239919613 50.013109119297894
5.836398759600115 49.98672740625511
5.734818220593041 49.89741960396478
5.783915086662404 49.878354264424246
5.745321370609759 49.794141218771415
5.790629567163364 49.796489159240025
5.835074964726289 49.72332114616577
5.864273830884457 49.72633223113439
5.884151163863606 49.71074532331974
5.8594526870599 49.68261898251927
5.909343314975018 49.66401944229838
5.911824524613166 49.6439683218905
5.847111938378134 49.59901566798732
5.870298972996153 49.57335249610159
5.815477410796831 49.55096802769509
5.864019389334317 49.50464419198153
5.957182144387843 49.498601256271144
5.987494902506683 49.45278114836745
6.099094314589138 49.45744167325492
6.165879653582039 49.50391258186738
6.246606049925305 49.510827793001454
6.307864504534422 49.4786155881707
6.383084033113249 49.468106407114874