154 5 3
9 6 7
13 7 4
13 4 154
11 12 10
13 11 9
13 14 12
16 14 13
18 17 16
16 19 18
16 20 19
23 21 16
23 24 22
33 30 27
33 31 29
33 36 35
33 39 38
33 40 39
33 41 40
49 44 45
49 45 46
54 48 49
54 51 48
55 51 54
56 54 46
59 52 53
61 59 53
62 53 55
57 63 56
64 66 65
66 68 65
67 69 66
71 68 69
73 70 71
73 78 72
74 79 73
75 79 74
76 79 75
80 84 79
81 85 80
84 88 83
91 85 87
90 93 89
87 82 97
101 97 98
102 99 100
102 103 99
107 87 101
105 101 103
106 105 103
110 107 105
107 96 95
111 105 108
109 111 108
112 111 109
111 110 105
118 111 116
115 119 117
115 121 120
122 115 111
131 122 118
125 124 122
128 125 131
113 116 111
129 118 116
132 131 130
135 132 134
135 131 132
136 162 131
137 162 136
146 141 142
143 146 142
151 144 145
147 152 146
154 148 149
154 149 150
152 151 145
154 3 1
157 155 127
160 159 128
152 158 157
161 159 160
162 128 131
163 162 138
546 160 162
164 162 163
195 546 164
165 139 140
163 138 165
168 163 167
170 163 168
169 170 168
171 176 170
176 163 170
174 176 173
179 181 180
181 183 180
182 183 181
184 186 183
185 186 184
189 154 152
190 13 154
191 189 188
192 190 189
192 16 190
195 161 546
193 188 161
196 195 164
197 195 196
199 176 174
201 196 176
200 176 199
202 201 200
198 197 201
204 186 187
205 186 204
206 186 205
208 200 206
210 200 207
202 200 210
212 192 191
23 16 192
212 23 192
214 212 191
214 191 193
216 214 215
213 212 214
218 216 217
219 194 197
220 197 198
217 215 219
221 217 219
222 221 220
223 198 203
222 220 223
224 203 211
225 203 224
226 203 225
227 223 226
229 223 227
230 234 229
231 234 230
233 234 232
234 223 229
235 234 233
236 27 213
237 236 213
237 33 236
238 239 216
240 239 238
240 237 239
242 240 238
244 221 222
243 218 217
241 238 243
245 243 244
247 222 223
247 244 222
248 244 247
249 248 247
249 247 246
246 223 234
252 234 235
254 246 253
255 246 254
256 246 255
33 43 42
260 33 237
259 261 258
263 259 260
240 264 260
267 268 266
267 269 268
267 264 240
273 272 242
274 270 267
274 271 270
248 245 244
275 242 245
276 275 245
278 273 275
279 248 249
280 279 249
312 279 280
283 256 281
548 280 283
548 283 284
549 284 286
287 548 549
288 280 548
298 296 293
298 293 294
291 294 295
300 299 298
301 298 291
272 302 274
305 272 273
272 303 302
272 307 304
291 306 307
308 307 272
309 308 305
309 301 308
311 305 310
312 277 279
313 277 312
352 310 313
315 288 314
316 288 315
319 321 318
324 321 322
326 321 324
328 321 326
320 317 330
331 320 330
332 334 320
334 325 323
335 334 332
338 334 337
342 340 341
344 342 341
347 341 301
347 345 343
347 343 344
46 346 347
348 46 347
351 350 309
352 311 310
353 309 311
354 353 352
355 351 353
357 352 313
358 357 356
354 352 357
356 313 321
329 356 328
360 356 329
361 358 356
362 361 360
363 329 334
364 334 338
367 329 365
368 329 366
370 329 368
371 360 370
348 57 46
348 372 57
348 373 372
348 376 375
377 378 376
381 379 349
381 382 380
387 349 386
389 381 388
390 389 388
392 353 354
387 386 355
393 387 392
394 393 392
395 359 358
396 392 359
397 394 396
395 358 361
400 361 398
399 400 398
401 395 361
402 361 400
404 401 403
405 401 404
407 401 405
408 400 399
385 409 384
388 415 391
417 388 387
419 418 417
423 419 417
423 421 419
423 422 420
449 411 422
425 387 393
426 425 394
424 423 425
427 397 395
429 397 427
433 435 428
437 395 401
436 406 407
439 438 437
440 427 437
441 437 438
442 440 441
445 440 442
447 444 440
449 413 414
449 414 411
449 453 452
455 456 454
455 457 456
449 422 423
459 449 423
460 459 424
462 424 426
465 462 463
466 460 462
467 462 464
468 464 465
469 466 467
470 434 426
471 426 430
474 426 434
461 426 474
476 462 475
446 473 433
477 479 446
485 481 482
488 485 482
489 486 487
490 487 484
491 484 488
494 496 493
455 480 458
483 480 459
499 498 460
488 482 483
500 497 459
498 501 459
498 502 501
504 506 495
510 460 509
512 460 510
499 460 511
515 499 513
507 518 519
523 521 518
523 518 507
526 507 524
523 527 525
529 530 528
524 505 514
516 524 514
532 533 531
534 524 533
537 524 534
535 537 534
536 538 535
537 550 524
542 538 539
537 543 550
544 538 542
3 5 2
154 4 5
13 9 7
9 11 8
13 12 11
16 15 14
16 17 15
16 21 20
23 22 21
27 26 25
27 28 26
27 30 28
33 29 30
33 32 31
33 34 32
33 35 34
33 37 36
33 38 37
33 42 41
48 51 47
46 54 49
51 53 50
55 53 51
57 56 46
59 58 52
59 60 58
62 61 53
66 69 68
67 71 69
71 70 68
73 72 70
71 74 73
73 79 78
76 80 79
79 84 83
80 85 84
81 86 85
86 87 85
84 90 89
85 90 84
87 92 91
97 82 77
101 87 97
103 101 99
107 92 87
105 107 101
104 106 103
92 107 94
107 95 94
107 110 96
112 113 111
110 115 114
111 115 110
115 117 114
115 120 119
115 122 121
118 122 111
122 123 121
122 124 123
131 125 122
125 127 124
133 134 132
135 136 131
545 137 136
137 138 162
143 147 146
152 145 146
154 153 148
151 154 150
154 1 153
152 154 151
127 155 126
157 156 155
125 157 127
157 158 156
159 157 125
128 159 125
158 152 147
159 152 157
159 161 152
546 161 160
162 160 128
164 546 162
163 196 164
139 165 138
165 166 163
166 167 163
547 169 168
171 172 176
172 173 176
175 199 174
182 184 183
185 187 186
188 189 152
189 190 154
190 16 13
191 192 189
161 188 152
195 193 161
193 191 188
195 194 193
176 196 163
177 200 199
200 201 176
201 197 196
203 198 201
202 203 201
186 200 177
206 200 186
208 207 200
209 208 206
23 27 25
212 27 23
213 27 212
215 214 193
194 215 193
217 216 215
216 213 214
218 238 216
197 194 195
220 219 197
219 215 194
220 221 219
223 220 198
226 223 203
228 230 229
231 232 234
236 33 27
216 239 213
239 237 213
241 242 238
221 243 217
243 238 218
244 243 221
245 241 243
246 247 223
251 250 234
252 251 234
250 246 234
253 246 250
256 249 246
33 258 43
33 259 258
260 259 33
240 260 237
259 263 262
264 266 265
264 267 266
267 270 269
242 272 240
272 267 240
272 274 267
245 242 241
275 273 242
248 276 245
276 278 275
277 278 276
279 276 248
279 277 276
257 282 281
282 283 281
283 249 256
283 280 249
285 286 284
549 548 284
288 312 280
289 288 548
293 296 292
291 298 294
298 299 297
301 300 298
272 304 303
305 308 272
308 291 307
291 295 290
308 301 291
278 305 273
277 310 278
310 305 278
311 309 305
288 313 312
313 310 277
314 288 289
316 321 288
316 318 321
321 313 288
319 322 321
331 332 320
334 323 320
333 335 332
335 336 334
334 327 325
336 337 334
334 329 327
339 338 337
301 341 300
347 344 341
347 346 345
309 350 301
350 347 301
350 349 347
353 351 309
352 353 311
356 357 313
359 354 357
358 359 357
328 356 321
360 361 356
364 363 334
365 329 363
367 366 329
369 368 366
370 360 329
349 348 347
348 374 373
348 375 374
348 377 376
349 379 348
348 379 377
379 381 380
381 383 382
381 384 383
381 385 384
386 349 350
351 386 350
387 388 349
388 381 349
389 385 381
388 391 390
392 355 353
355 386 351
392 387 355
359 392 354
395 396 359
396 394 392
395 397 396
398 361 362
402 401 361
403 401 402
407 406 401
411 412 410
411 414 412
417 415 388
417 416 415
417 418 416
423 420 421
394 425 393
425 417 387
425 423 417
426 424 425
397 426 394
428 429 427
430 426 397
431 430 397
432 431 397
429 432 397
427 433 428
406 437 401
437 427 395
441 440 437
440 444 427
443 442 441
444 433 427
444 446 433
449 448 413
449 450 448
449 451 450
449 452 451
449 454 453
449 455 454
455 458 457
424 459 423
459 455 449
461 462 426
462 460 424
465 464 462
467 466 462
471 470 426
472 471 430
475 462 461
476 463 462
444 477 446
478 477 444
488 484 485
490 489 487
491 490 484
492 491 488
494 493 489
490 494 489
492 495 491
459 480 455
460 498 459
459 497 483
497 488 483
459 501 500
499 503 498
492 504 495
499 505 503
507 508 505
509 460 466
512 511 460
513 499 511
515 514 499
514 505 499
507 519 508
518 520 517
518 521 520
523 522 521
523 525 522
523 528 527
529 528 523
524 507 505
516 531 524
531 533 524
535 538 537
536 539 538
540 526 524
524 541 540
524 550 541