20.58669958697081 41.87098254440602
20.755904922277864 41.874644112547315
20.76340394127999 42.06877979163281
21.137316975853196 42.20861393405093
21.215692328920255 42.09072257176234
21.320049850413113 42.10839059826941
21.304531562192466 42.144228833792596
21.326725282352953 42.20045153115902
21.39757589780305 42.24878360468301
21.433852509171174 42.23174963886416
21.442727258143492 42.23510370400763
21.438186866264033 42.271389305947736
21.476536773614924 42.280548095344045
21.523959731913067 42.24162759655309
21.599546200932025 42.265206947778495
21.560739252083238 42.313886242923815
21.775069871186076 42.69466443792041
21.3960020824332 42.75513652810551
21.434498773575058 42.8760417502437
21.269627776804555 42.90016382561009
21.231121523293268 43.012746195200464
21.176180911271814 43.01272538470036
21.126770626180416 43.11307291586394
20.83584159985176 43.181172465375965
20.89340454171858 43.20914062292766
20.821900998233986 43.27347190349215
20.598949496300236 43.20728501100203
20.69241341861516 43.102992694159354
20.48081528247073 42.94431246212892
20.541558548049835 42.88398045983857
20.4540493528242 42.83598619173685
20.346504578882048 42.83202625120805
20.255054115962565 42.815051019295254
20.26693169204748 42.778706487424415
20.21843881844569 42.748194818956165
20.15510419525262 42.76853721250646
20.14123689832718 42.75581101706422
20.036633658744563 42.77740030215233
20.022199629778385 42.71450357746758
20.10475909946294 42.65799663672149
20.076726923658015 42.55750754854179
20.16708297261681 42.50476793083155
20.229456993828762 42.41642682329868
20.208338835998063 42.399386007355474
20.251984907496052 42.366600808668636
20.245792321063817 42.320380477292986
20.33488510465736 42.326653698146885
20.46446599572687 42.265515611313674
20.52476248583315 42.207160012625195
20.565275925132624 42.09967857800578
20.552357892378836 42.07720536974739
20.59603983684019 42.04098137357795
20.625854959298664 41.953105325190705
20.575809644606096 41.91636194982536
20.58669958697081 41.87098254440602