-1.078695539720485 48.50757481120374
-1.0445536909051043 48.324693872222525
-1.0973407182883648 48.2670751280271
-1.0155235253766364 47.98900688927989
-1.146867624796272 47.968710955720866
-1.2442860804347902 47.77482360455011
-1.135162925568892 47.61855128787457
-0.999410571043569 47.59083792650745
-1.0509503844283756 47.553938577254996
-1.0324887052373128 47.465501898104975
-0.9600598565054668 47.4706683850352
-0.9476842080413803 47.384216467602215
-0.9867274033195201 47.36630754269993
-1.1594245354638133 47.36385840416284
-1.28996184382774 47.335899313571076
-1.3518750900567795 47.308392561740305
-1.2958516064599337 47.30335882173506
-1.2398459928208183 47.240268631600145
-1.1891193415630994 47.25138229603175
-1.160069283041878 47.186290339250746
-1.2326079963134475 47.134711621120886
-1.2353465336400404 47.10072015982476
-1.1181045558597589 47.06300225637199
-1.1369436371306278 47.032474243576246
-1.0317307657663832 46.9994095365071
-0.9822204139338169 47.013244979471125
-0.8909357887659155 46.971717470749184
-0.6191676053327626 46.991270716712734
-0.5491342835410649 47.02786199437625
-0.5560248905618437 47.06056870460668
-0.4981609655717705 47.08225117593392
-0.14314033702163442 47.10064136181387
-0.17342937111220635 47.071086305999216
-0.11971573626527743 47.05548126577253
-0.0958720228282175 47.09480265643762
-0.03972929286220506 47.08570159758776
0.044072691090065064 47.166012248639646
0.305403922547157 47.052138666581385
0.3188842306707329 46.934266409727485
0.6056225255463517 46.95689974109217
0.570890679966368 46.977794782210594
0.5826116893659332 47.00912513978312
0.6926275191594868 46.97609547411113
0.7111380108813137 46.90859302868
0.9176256322207621 46.7011336172111
0.8996858408779929 46.618730532349986
1.089549530141852 46.5384014685487
1.2073987977490503 46.429271333266115
1.2166665564046184 46.36575065888087
1.349939791223818 46.39784148233477
1.4194503715584972 46.3467030917931
1.5191376592548806 46.42439325401952
1.6838601295345939 46.41780142505692
1.7277893641372657 46.391251363284624
1.752682461566053 46.45208571973609
2.275653384151582 46.42422668880906
2.3439169404074107 46.512335466787334
2.6128597016101196 46.55336435798054
2.571690464939479 46.65644682620234
2.712332231896738 46.742353298590984
2.8365261404855744 46.728324908061865
2.908799429824853 46.79008241408772
3.0297057188988106 46.80193393510163
3.078119013029209 47.03407998234826
3.0251684376934236 47.06300159503695
2.9841129047685797 47.25458761561245
2.8702451003205454 47.33534024716411
2.9364875618077804 47.425956504575936
2.8549807694785443 47.54800184411192
2.97224441889486 47.57209336096838
2.85882303618763 47.714643875337714
2.8551579465193413 47.76067585529387
3.0240873504957904 47.78902210184492
3.004836209337185 47.90251846802886
3.1258595210462374 47.96785764656258
3.1089758763774853 48.03229319869362
3.0281633321214088 48.13400361422012
2.933327734373762 48.16151005278752
3.032256789038996 48.25021951742758
3.048532216057197 48.35794092078535
3.358496160573111 48.373716415047
3.3711237442643096 48.400114484333926
3.414010627882192 48.391097200931085
3.388027113844373 48.482206821941276
3.435205311414876 48.49180101988355
3.4089938811378886 48.53031935097738
3.484306909635592 48.54491314279332
3.4705544854776065 48.572043191573755
3.5631923025430865 48.61652789836751
3.520117728033483 48.644343131604444
3.453226274600894 48.63478706166069
3.4429055275263636 48.676541461964746
3.4704762221309977 48.68649304310483
3.4683804996590766 48.73699728821967
3.398641471238932 48.7550712770076
3.408220461319388 48.781960331168705
3.442949475229568 48.791929674410426
3.4120702761397865 48.81475120020221
3.4871634403005487 48.81428968611746
3.4770898463538344 48.8576930763582
3.379378718951642 48.870593611907736
3.373022371596477 48.92596182132843
3.327927650390194 48.909097184382176
3.3064299236076806 48.94885921806133
3.2561529050150284 48.93874869389214
3.1751136106915965 49.01957370181728
3.1680062008819903 49.10033135381789
3.0714766590641602 49.11779938120296
3.0540241574249194 49.086210681729796
2.8035180965391646 49.09425699260268
2.7306131973769254 49.05727240281644
2.6330547785073577 49.10636859247157
2.589998648613573 49.07946135386649
2.313573683824984 49.18100150730271
2.2245252811902105 49.15371239925096
2.07716113708625 49.208236156830424
1.8797601876967462 49.160073665562464
1.70317580845213 49.234575251225124
1.618351257474103 49.07818424558539
1.446150091900705 49.05816244020235
1.5113826283171647 48.940959155408734
1.445143992475181 48.92756054167603
1.4782770620514043 48.87894392050268
1.3548297395763598 48.825739087692824
1.3774809886016897 48.78428868168794
1.269691244740045 48.75483905315352
1.1249026176038228 48.79081492598718
1.1165530141954036 48.74987581581385
0.8764094089090406 48.71441953330185
0.8099774871561749 48.660042656784725
0.8591798414846608 48.57037937367721
0.9661358572811594 48.52114745370778
0.9398425105380852 48.46433815318704
0.9798478292880475 48.43848074835722
0.902955832771795 48.36212584775831
0.7890420534410225 48.346401729623096
0.7519128454452471 48.30348635286384
0.8063885008167517 48.29144012427807
0.7843652502590714 48.26574881768761
0.8334988048441971 48.21032754043654
0.7486392519712126 48.178860586925936
0.6625133260487814 48.26770204892691
0.6091463490791966 48.24240416113574
0.5362167264736684 48.25339991873048
0.4962155201936582 48.30185943864939
0.39868092651462916 48.32163998585773
0.3627858366126304 48.456611465834385
0.2704211800354699 48.483146026114156
0.15339352948663532 48.451170634700816
0.03959213678501783 48.37827193823273
-0.048549228811197054 48.38167640110666
-0.048518376595126256 48.458605446270326
-0.14229083749867755 48.45035674526028
-0.14542202486242672 48.529835546702714
-0.23271207535225358 48.569915135299766
-0.34390479671711205 48.4890686709162
-0.4575405184348824 48.51468083363497
-0.6477632595252203 48.44434833714544
-0.6636648155542844 48.48505127874603
-0.7590090470949633 48.43684133759143
-0.8575001939184972 48.50211329525703
-1.078695539720485 48.50757481120374