18.785247802734375 45.88522863923791
18.66302490234375 45.91103315853962
18.5284423828125 45.77901739936284
18.11920166015625 45.784763729573555
17.657775878906246 45.84602106744843
17.5946044921875 45.93778073466329
17.34466552734375 45.95496879511337
17.178497314453125 46.157956212211865
16.9024658203125 46.27198674894286
16.835861206054688 46.37725420510028
16.723251342773438 46.39856751279131
16.662139892578125 46.45772748219606
16.480865478515625 46.494138066211015
16.376495361328125 46.54658317951774
16.2432861328125 46.4993375894863
16.305770874023438 46.3881487132118
16.054115295410156 46.39027999312306
16.078834533691406 46.34123949998618
15.789756774902344 46.25204849722289
15.77362060546875 46.213932031348314
15.68572998046875 46.227709260664696
15.603332519531248 46.14939437647686
15.618438720703123 46.09037664604301
15.733795166015623 46.04559527286162
15.717315673828125 46.03034226096046
15.702209472656248 45.99791563046376
15.706329345703123 45.924408558629004
15.682983398437498 45.90625544858718
15.684356689453125 45.869931413475676
15.710449218749998 45.84602106744843
15.641441345214844 45.82377521837522
15.574493408203125 45.850325688512264
15.471839904785156 45.81827218518002
15.474586486816404 45.79673334862717
15.407981872558592 45.79242458189578
15.254516601562498 45.72559609599041
15.321121215820312 45.675242288110134
15.325241088867188 45.69850658738846
15.342407226562502 45.71385093029221
15.360260009765625 45.71193311776845
15.401458740234375 45.65052836822275
15.389099121093752 45.63996763988405
15.305328369140627 45.63132556313632
15.2764892578125 45.60443057901899
15.305328369140627 45.53617475484822
15.384979248046873 45.48613195107752
15.333480834960938 45.4524242413431
15.273056030273438 45.46687287100197
15.22499084472656 45.43170808198972
15.16284942626953 45.421347149780544
15.050239562988281 45.49359307512664
15.030670166015625 45.48637264792543
14.928359985351562 45.526795118388684
14.908447265625 45.481799231947306
14.822616577148438 45.45964901898937
14.797210693359375 45.50345949537662
14.690437316894531 45.53016234735074
14.686317443847656 45.58713413436411
14.600143432617188 45.626043637916744
14.6063232421875 45.66564594502495
14.568901062011719 45.67308325436826
14.535598754882812 45.61403741135093
14.49920654296875 45.612116176517304
14.493026733398438 45.53857953787113
14.325485229492188 45.469280615977105
14.238967895507812 45.504421980400835
14.207382202148436 45.47650323381734
14.076919555664062 45.48324350868221
14.006195068359375 45.521262804635164
14.001388549804688 45.506346901083425
13.975982666015625 45.513564767425216
13.962936401367188 45.502978246693786
13.994522094726562 45.47265128615832
13.97186279296875 45.45049747764105
13.9141845703125 45.452183399480035
13.88568878173828 45.4266483294246
13.809127807617188 45.438212811678675
13.79505157470703 45.464946600971466
13.763809204101562 45.465909744214535
13.675918579101562 45.44543940974865
13.582878112792969 45.47722544469191
13.51043701171875 45.506828120969516
13.49945068359375 45.50249699389715
13.5516357421875 45.32897866218559
13.6065673828125 45.32318553516563
13.58184814453125 45.29034662473613
13.614807128906248 45.108423337694084
13.811187744140625 44.91327684489316
13.7933349609375 44.873389196779264
13.8592529296875 44.8188638076915
13.921051025390625 44.797428998555645
13.92791748046875 44.809121700077355
14.003448486328125 44.80230124552821
13.981475830078125 44.82178611905465
13.995208740234375 44.87728189251396
14.0460205078125 44.94730538740607
14.151763916015623 44.959939425508466
14.16961669921875 44.972570682240644
14.149017333984375 45.058001435398275
14.21356201171875 45.120052841530544
14.247894287109375 45.22364447346731
14.29046630859375 45.31739181570158
14.328231811523436 45.35504040231646
14.357070922851562 45.3444241045224
14.444961547851562 45.32318553516563
14.52392578125 45.28793124812219
14.553451538085938 45.27826871310316
14.550018310546875 45.298075138707965
14.580230712890627 45.28310018632547
14.571990966796873 45.28116764640765
14.56512451171875 45.268121280142886
14.61456298828125 45.22219355652499
14.739532470703123 45.1394300814679
14.845962524414062 45.11520750294172
14.842529296875 45.101638366018676
14.909820556640625 44.98714175309689
14.923553466796875 44.952164961986206
14.883041381835938 44.829091249447906
14.89471435546875 44.70282599311735
14.923553466796875 44.66279259880063
14.974365234375 44.59829048984011
15.008697509765623 44.57090430226871
15.1446533203125 44.471031231561845
15.275802612304686 44.36853274822797
15.314254760742188 44.351350365612326
15.41107177734375 44.31549660977706
15.449523925781252 44.28404514735239
15.482482910156248 44.270771508583536
15.529861450195312 44.269788156801084
15.5401611328125 44.24962581956621
15.5181884765625 44.244707127506686
15.431671142578123 44.26142900238289
15.4193115234375 44.25306865928177
15.329360961914062 44.29141809546585
15.332794189453125 44.29780723522891
15.261383056640625 44.32483051938117
15.3094482421875 44.28257044667387
15.281982421875002 44.27765451038982
15.308074951171875 44.25011766615044
15.29022216796875 44.24519901522129
15.220184326171875 44.28257044667387
15.19134521484375 44.286502899553156
15.220184326171875 44.25601950434298
15.20233154296875 44.24519901522129
15.147399902343752 44.27470475118813
15.127487182617186 44.27273816279087
15.111694335937498 44.264871151101985
15.165252685546875 44.233392574879026
15.150146484375 44.19598988458207
15.207824707031252 44.14772503380982
15.218811035156248 44.1151978766043
15.261383056640625 44.090544164574716
15.306701660156248 44.044167353572185
15.330047607421873 44.036269809534616
15.382232666015625 43.99479043262446
15.46669006347656 43.9186695542589
15.508575439453125 43.906797777763856
15.562820434570312 43.8607722757809
15.629425048828125 43.84047016946789
15.676803588867188 43.81817941490989
15.68092346191406 43.80182757075142
15.654830932617188 43.81570215052901
15.63423156738281 43.81173831375078
15.621871948242188 43.799349628071965
15.610198974609375 43.823629034783124
15.582046508789064 43.83353616014345
15.565567016601562 43.830068853318785
15.648651123046875 43.766135280960974
15.665130615234375 43.766135280960974
15.65826416015625 43.7968715826214
15.673370361328123 43.78695837311561
15.746841430664062 43.75224919108199
15.779800415039062 43.75869670502334
15.844345092773438 43.726452188547015
15.865631103515625 43.72744458647464
15.857391357421875 43.717519867330765
15.88897705078125 43.69965122967144
15.925369262695312 43.67432820783561
15.96794128417969 43.63309337531845
15.919189453124998 43.631602429512775
15.931549072265625 43.58387263463816
15.920562744140623 43.572929222492384
15.937728881835938 43.56098868633536
15.925369262695312 43.555515149559746
15.952148437499998 43.54158026686724
15.978927612304688 43.539091555952645
15.988540649414062 43.51469675271006
15.95558166503906 43.5092190123469
15.997467041015625 43.49377906918119
16.033859252929688 43.47783692169239
16.077117919921875 43.47733866178997
16.121063232421875 43.47135922248776
16.116256713867188 43.48580852135182
16.169815063476562 43.48481212891603
16.173248291015625 43.496269649668086
16.112823486328125 43.515194704453215
16.129302978515625 43.520173995892904
16.186294555664062 43.50872101129684
16.23779296875 43.51569265208745
16.25701904296875 43.50523488889796
16.2542724609375 43.494277193496124
16.22955322265625 43.49975628978046
16.204833984375 43.49676775343911
16.206893920898438 43.49079023700749
16.239852905273438 43.483815720045435
16.263885498046875 43.48580852135182
16.274185180664062 43.492284671583754
16.30645751953125 43.48281929474004
16.388168334960938 43.48780125691884
16.312637329101562 43.51220693236043
16.27899169921875 43.514198796857976
16.28997802734375 43.52714431360083
16.31195068359375 43.53958930635379
16.36550903320312 43.55302701392869
16.456146240234375 43.54058479482877
16.47262573242187 43.5326204268101
16.39434814453125 43.509717009288075
16.530303955078125 43.50174856516506
16.637420654296875 43.441951707246176
16.69921875 43.44394588902309
16.71844482421875 43.414026260415305
16.887359619140625 43.401056495052906
16.9464111328125 43.354142636008895
17.02606201171875 43.29120116988416
17.07000732421875 43.2432020009995
17.10845947265625 43.22719386727831
17.160644531249996 43.177141346631714
17.24029541015625 43.16111586765961
17.28424072265625 43.135065496929165
17.34466552734375 43.1090040242731
17.42156982421875 43.04079076668198
17.462768554687496 43.02472955416351
17.49984741210937 42.96647242540857
17.532806396484375 42.94033923363181
17.538299560546875 42.90313055962194
17.461395263671875 42.92224052343343
17.457275390625 42.94033923363181
17.4188232421875 42.958432625269474
17.285614013671875 43.004647127794435
17.170257568359375 43.025733503088
17.0892333984375 43.017701451969884
17.010955810546875 43.04681263770761
17.017822265625 43.007659910414695
17.085113525390625 42.98857645832184
17.162017822265625 42.976520698105524
17.20733642578125 42.987571901931226
17.247161865234375 42.96144767344319
17.36114501953125 42.91922355466844
17.400970458984375 42.92324614685935
17.447662353515625 42.89508248636673
17.43804931640625 42.872944868550746
17.672882080078125 42.81252917386999
17.75665283203125 42.76516228327469
17.78411865234375 42.79237748061043
17.840423583984375 42.80446928422029
17.87750244140625 42.77423534479349
17.89398193359375 42.7520544036665
18.04367065429687 42.69757660890004
18.0615234375 42.65921170710379
18.178253173828125 42.61779143282346
18.197479248046875 42.62183364891663
18.22494506835937 42.60566321006408
18.233184814453125 42.56016134191609
18.507843017578125 42.41027657924499
18.518829345703125 42.42244277484678
18.43780517578125 42.481719175920325
18.438491821289062 42.55813826591757
18.36090087890625 42.6147595985433
18.248291015624996 42.60060908689335
18.185806274414062 42.65567690642637
18.161773681640625 42.656686869980604
18.1439208984375 42.67688269641377
18.107528686523438 42.68596867764249
18.109588623046875 42.71019146477647
17.999725341796875 42.775747392499746
17.890548706054688 42.81001057117128
17.901535034179688 42.8291493794016
17.869949340820312 42.84677198795946
17.854156494140625 42.89759762210227
17.812957763671875 42.91419494510531
17.793731689453125 42.89105805581562
17.725753784179688 42.919726393054994
17.686614990234375 42.921737705565015
17.65228271484375 42.89307030391786
17.584991455078125 42.939333889259814
17.71270751953125 42.976520698105524
17.642669677734375 43.08894918346591
17.458648681640625 43.17814279946058
17.4298095703125 43.17513839170044
17.433929443359375 43.21418416226072
17.39959716796875 43.24020079624684
17.335052490234375 43.26020603533182
17.25677490234375 43.39706523932025
17.2869873046875 43.45790332088939
17.24578857421875 43.492782808225
17.1441650390625 43.4947753137023
16.81732177734375 43.75919263886012
16.7596435546875 43.769110452366185
16.72119140625 43.85235516793534
16.41357421875 44.071800467511565
16.2103271484375 44.22552029849434
16.1993408203125 44.35527821160296
16.116943359375 44.39454219215587
16.1553955078125 44.402391829093915
16.10870361328125 44.51413472987111
16.01806640625 44.584599008752015
16.05377197265625 44.61588908327616
15.897216796874998 44.73892994307368
15.823059082031248 44.713561953216846
15.7269287109375 44.820812031724444
15.77362060546875 44.84029065139799
15.743408203124998 44.941473354802504
15.7818603515625 44.982285140923764
15.743408203124998 45.059941562221226
15.784606933593748 45.114238385850854
15.765380859375002 45.166547157856016
15.83953857421875 45.226546196265026
15.93017578125 45.213003555993964
15.98785400390625 45.230414929592946
16.04278564453125 45.17622870105657
16.09222412109375 45.10260769705975
16.14990234375 45.08515722028692
16.28448486328125 44.99394031891056
16.358642578125 45.01336034905033
16.3861083984375 45.114238385850854
16.45751953125 45.13361760070825
16.49871826171875 45.21880793965786
16.622314453125 45.22848059584359
16.820068359375 45.18397275067566
16.9244384765625 45.27102073184515
17.17987060546875 45.14717913418674
17.24578857421875 45.1433047394883
17.27325439453125 45.18397275067566
17.35015869140625 45.1394300814679
17.43804931640625 45.1510532655634
17.5726318359375 45.11230010229608
17.666015625 45.131679975460536
17.852783203125 45.042478050891546
17.9241943359375 45.07352060670971
17.9241943359375 45.106484856646844
18.017578125 45.1510532655634
18.10272216796875 45.089035564831036
18.182373046875 45.079339209738094
18.2537841796875 45.13555516012536
18.42132568359375 45.11036175291049
18.4735107421875 45.06382161837364
18.60809326171875 45.06479159126726
18.7152099609375 45.03956694724904
18.73443603515625 44.99491147676693
18.78936767578125 44.99491147676693
18.804473876953125 44.93758500391091
18.75091552734375 44.94341743150153
18.76876831054687 44.904523389609324
18.853912353515625 44.85294822403813
19.020080566406246 44.85781578061526
18.991241455078125 44.902577996288876
19.02557373046875 44.92202896709906
19.065399169921875 44.904523389609324
19.154663085937496 44.94536144236941
19.140930175781246 44.97839955494438
19.05029296875 44.98034238084973
19.09698486328125 45.00753503123719
19.08599853515625 45.137492653711924
19.14642333984375 45.137492653711924
19.1766357421875 45.195586850206176
19.434814453125 45.1742925240767
19.423828125 45.234283399604124
19.23980712890625 45.24395342262324
18.9788818359375 45.37916094640917
19.00360107421875 45.4890202453737
19.05853271484375 45.48324350868221
19.105224609375 45.504421980400835
19.020080566406246 45.55060191034006
18.951416015625 45.53521281284293
18.91021728515625 45.5679096098613
18.973388671874996 45.66780526567164
18.912963867187496 45.69850658738846
18.84429931640625 45.81540082150529
18.89373779296875 45.922497984579934
