-7.399634630611217 37.16792425753084
-7.333331561783098 37.18421821597809
-7.2572258176227535 37.20331590976717
-7.09265855870018 37.207268291659375
-7.0174039160549455 37.198705622825855
-6.907415687588184 37.1525851264215
-6.775128046911021 37.11367344148552
-6.546733204213865 36.997918276150315
-6.465696549595663 36.93119528724377
-6.388792277920572 36.80019778620682
-6.345813109120542 36.790924561956885
-6.445849158484947 36.74057893439111
-6.40346885507978 36.6427495977986
-6.369559279107165 36.61752684178916
-6.296779132849906 36.618831423279204
-6.261216794297894 36.58101078530056
-6.227311707958222 36.58166352381973
-6.229789043555144 36.53782981493964
-6.252946095881242 36.52719799574567
-6.240540289990832 36.50393352627813
-6.188442009084298 36.5331711227643
-6.169420324422958 36.51256918510947
-6.239713255108512 36.46337014177594
-6.283547230904361 36.53716327470906
-6.305877283774947 36.53849313732407
-6.220691000566376 36.394164007423214
-6.187613952847812 36.37485634733743
-6.1437806802426 36.29424289528825
-6.108234755869631 36.29158604347171
-6.03460391220807 36.18016780321314
-5.923753480742107 36.18636471203226
-5.872430324503057 36.158751359835605
-5.79901818696419 36.075420527626065
-5.777506623989069 36.0878378492318
-5.71412176749422 36.05768484199527
-5.648808723879682 36.0527460220795
-5.605489001799214 36.00373054361826
-5.48631131647565 36.054700901125244
-5.463311964910503 36.045852162914144
-5.421363479458847 36.08013099275874
-5.447116898068828 36.08866430058053
-5.431691934476731 36.10857449284171
-5.453056212134555 36.14853587392393
-5.420093835526956 36.17757945006605
-5.3914146981393 36.179074820459135
-5.3566131577370015 36.1613191088518
-5.3614929976859855 36.1263161038697
-5.3425718889940015 36.108074263706385
-5.3286033285957615 36.210620755653025
-5.293706601194145 36.25949516985516
-5.1891070610585075 36.41337477517378
-4.946529625286445 36.493294600691456
-4.90130202954353 36.5060433784368
-4.852064650263117 36.5045903356047
-4.745005476893255 36.48316072607933
-4.695310763402347 36.48932501051188
-4.681315256449352 36.50387019720645
-4.639281566054308 36.50492944133762
-4.611736302444513 36.55322464275001
-4.585739914740287 36.57543384567387
-4.53509205272951 36.580408179424296
-4.4556718456790065 36.666789869304324
-4.404156273535449 36.723313894585246
-4.259035173616553 36.71015641224837
-4.10462765726021 36.72726245729602
-4.072272372584962 36.74878714575959
-3.964806523898062 36.724313163387905
-3.9172168956782514 36.74489032318306
-3.8805285462750305 36.74094738186582
-3.8466472005947594 36.75327555141365
-3.8002276747589008 36.74690151606967
-3.7310304448465956 36.72140459371941
-3.602304200228218 36.74411548029957
-3.5839996024705556 36.72719464220333
-3.553450589978837 36.712433089679536
-3.525585501081423 36.72359759113185
-3.479182526111771 36.69595282296568
-3.4182442966719577 36.69551196689528
-3.343746750609256 36.732616463649066
-3.243303085469762 36.749874601035685
-2.9768074011848284 36.7379563635437
-2.9099269974031188 36.74656096703741
-2.8523120719984263 36.69302699247014
-2.8117909407684465 36.70440500366786
-2.769849987706607 36.67995058029099
-2.708123278312627 36.67995058029099
-2.638229813844447 36.705725893356615
-2.573570996579406 36.81177170446996
-2.471288124980333 36.8362124679023
-2.4293854621181765 36.812319055420176
-2.352635059293391 36.84139543075389
-2.2907574993871833 36.82026204059072
-2.1826813057912773 36.716637376992594
-2.062219759372624 36.774678177977634
-2.06718952806267 36.80510394518441
-2.0012164222082447 36.83880020009239
-2.001329744277399 36.8870504151575
-1.906866603913329 36.94466563588236
-1.7976120567327882 37.230443928582346
-1.711697791459244 37.29619567712682
-1.6760209301901625 37.35389581823807
-1.5263517203053993 37.42853905832986
-1.5047686983111532 37.43273434724567
-1.4935088773061125 37.419826320827696
-1.4737290681431432 37.43053936669183
-1.485869879842653 37.432329058490694
-1.4755775594841225 37.467354455173535
-1.4426402606333966 37.4995639885049
-1.401599761645457 37.506483069471216
-1.3947613704997082 37.52320726782895
-1.371379733171608 37.53509929887679
-1.3267075486062083 37.56365655919112
-1.2566786318574543 37.55703360220885
-1.246074350258084 37.57748589818502
-1.2047389053386155 37.57381780261535
-1.1685825811999848 37.558967626557404
-1.1752916556127957 37.54185547089263
-1.1065296176457764 37.534516359523494
-1.1307052495805578 37.55439430333166
-1.0724521424303077 37.582783293207825
-1.01424765510356 37.57529394980904
-0.9941948747531342 37.59993371265574
-0.9729423199362088 37.59802752909302
-0.9747729004956227 37.58128725346077
-0.947444218924403 37.569175726609885
-0.9771866036798542 37.56040231276096
-0.918234236443169 37.55599441958199
-0.8624077438355187 37.58115509644985
-0.8167902822170845 37.574344327854405
-0.7191639441913082 37.604771917007284
-0.7016252373476277 37.62905669589718
-0.721375047689321 37.66489305685538
-0.736222028370662 37.63234279832177
-0.8110793450007918 37.66033985459417
-0.8571564233407969 37.72089463102196
-0.8013799299351376 37.77938675041459
-0.7977091505955798 37.81011914024204
-0.7747207995626582 37.81900412941857
-0.7541745113236971 37.782668751539575
-0.7480595690876726 37.78962777933975
-0.7571096835964113 37.81378598196383
-0.7615313456736885 37.86018504954009
-0.8331131289596101 37.86139853423394
-0.9276501499255119 37.95016081178926
-1.0255028954326235 38.0807867840158
-1.0325496085791315 38.13291156123395
-0.9599042912508366 38.26145994716788
-0.9816181801253094 38.32193242692148
-1.0848848238449307 38.34612056668496
-1.0844743293510533 38.43752909139292
-1.0097185928480883 38.486350802162974
-1.0200721097061205 38.66559859017465
-1.181918662104522 38.75461325742131
-1.4487102891052075 38.67086062249086
-1.4606415526108378 38.373384534924014
-1.6568919504183555 38.30341428227467
-1.70953839138636 38.37762829996342
-2.213015759306103 38.21901423840285
-2.3407675959661844 38.02041715906813
-2.5524932159545415 38.0796634094915
-2.4343307582243767 38.19001842806671
-2.488774155009679 38.39603439551519
-2.575041161714921 38.4129769992345
-2.575165411891902 38.49750422133789
-2.7663901112998133 38.52497781119308
-3.0079533716936737 38.42513392672507
-3.0620426271962913 38.47505076607334
-3.145232292728025 38.434245982540546
-3.3594291025589484 38.479498972878304
-3.4385052652037587 38.39939913513345
-3.5758198499542004 38.45077217868399
-3.5892446370740174 38.39788547069543
-3.800213539442808 38.42829785395267
-3.858109321097743 38.37522741778261
-4.2643284724450154 38.39502506810291
-4.275456397653585 38.34149475403697
-4.446599941212753 38.39844986715457
-4.646123460073625 38.533795831753935
-4.867094029206783 38.6139944584549
-4.873023906658716 38.68353916765773
-4.995809285220474 38.68547549279117
-5.03299483078041 38.73235091373317
-5.18097381391371 38.71599432323538
-5.1666382943912765 38.67376288813327
-5.590139873142647 38.415039476573156
-5.514642441529077 38.20024421777029
-5.575884706734058 38.13180789911411
-5.732168164089245 38.07526605696876
-5.743799899713451 38.129461537791116
-5.682676248197879 38.15752900209583
-5.716882836135142 38.198033828027036
-5.869130867605492 38.169060749380975
-5.931082156972195 38.08800395065526
-5.901392713675648 38.06103545150975
-5.9569794493985455 37.99583134327247
-6.184520093543483 37.94086293023169
-6.3589716790438615 38.001512240978485
-6.3627585105762705 38.04719019506018
-6.441879087900418 38.061222783643956
-6.485586912879626 38.00816810711942
-6.582546295717634 38.023130535337174
-6.581517080169164 38.052903218067286
-6.621643081020494 38.09887580928083
-6.7465348265166085 38.09289288846787
-6.81534513657985 38.11167773340935
-6.785055594285581 38.17978359618564
-6.936284295277289 38.221793616731276
-6.99190419266742 38.017347098714055
-7.242603844561643 37.98393864568823
-7.298410843430133 37.81835581885767
-7.422184009377588 37.75291806519918
-7.506816762695536 37.56713941563895
-7.442234876470536 37.413821597855915
-7.399634630611217 37.16792425753084