9.422872504437237 54.82078269677274
9.416624230847674 54.834576402898335
9.538441110679628 54.88281944618626
9.556662625525746 54.875031750176305
9.616545313430663 54.936400499771935
9.682700522616045 54.91456297203345
9.612381496313475 54.90707483044898
9.659784110373693 54.878024838028864
9.636341471841462 54.86334207605941
9.73638774974006 54.83424321894228
9.765048662979268 54.85373871470614
9.698854995229851 54.896897744829175
9.781191779750372 54.901393212904736
9.732706997580976 54.98605084493383
9.620503085530544 55.01165316573059
9.589930754819932 55.04505589875032
9.49818212107985 55.01164213363606
9.420803994037499 55.02259188363195
9.417941356767926 55.04339587044436
9.507745902374552 55.04668698575401
9.561272357227182 55.08608818220563
9.460945518652665 55.12050935359795
9.51636730202344 55.12816796334238
9.497261065447447 55.15437909506488
9.59837321542318 55.196993480043744
9.642338220833437 55.176273795500606
9.698730387253704 55.19864598268816
9.68438863246621 55.224808706839696
9.71688633475776 55.24007038908772
9.71509737431822 55.25949751619285
9.622386355503153 55.28724313820649
9.672082416503798 55.28888152115621
9.63480632573885 55.318784870526315
9.650095773866866 55.33020086323191
9.629068210379984 55.356271980418256
9.565999968284842 55.364403439885876
9.564087934325215 55.37634468566526
9.609954843633432 55.36658428635229
9.62332784035982 55.39154989056138
9.584775646271765 55.42870593591874
9.652625474704678 55.439014453140686
9.692759447218378 55.4596078176028
9.625843679408717 55.49694155311781
9.589535144480237 55.48502950637149
9.499720821345619 55.484467656465455
9.487299229597653 55.495826630113356
9.58570883099 55.49747271715768
9.551765127437392 55.52282571698788
9.576604484405323 55.53472257303682
9.604318323457335 55.50985496262956
9.675050947499983 55.52880232806794
9.743889308421018 55.517461523842
9.719033647398788 55.55638706665778
9.854546878400242 55.62396212954894
9.761616908932268 55.62493195024712
9.737036316384007 55.65754602147567
9.691443060408346 55.669388045592825
9.677401114972355 55.68814424692289
9.565205690729243 55.69106282582325
9.538906354721917 55.70585557240685
9.69666190154274 55.71084570587237
9.747965220213501 55.68143121244657
9.853156504641646 55.67158318060086
9.907576644794176 55.69714380674918
10.049526471502872 55.704067172290735
9.988185042883629 55.73070732426072
10.08458196013271 55.74848477253647
10.010968158780884 55.76326074127596
10.068791499909793 55.81547003881741
9.849764608463403 55.85374487416999
9.99517547229675 55.878367438835284
10.151169856630304 55.87452457895347
10.137148426000806 55.84895209967192
10.191503905662216 55.83520745733347
10.200259228031967 55.885361675388026
10.252830629414461 55.91188535828144
10.265733842193839 55.95337381576377
10.244699672842074 55.98279613419942
10.286753667956674 56.02688669235306
10.207872039583748 56.1422430946661
10.246424226477018 56.153958387364725
10.213126417438161 56.161760168098
10.398889034955658 56.29133815135819
10.51106508645637 56.27676673468659
10.465502366020559 56.23490869401482
10.488295242210256 56.20373552932969
10.430449252624328 56.219318442237125
10.355083096993383 56.194941190999884
10.393645939104232 56.162761219337995
10.447981173901582 56.18325455875882
10.521604960329284 56.17253603292929
10.470773621371166 56.135440202517174
10.521614466673697 56.09147798761438
10.565433611772079 56.116891894802194
10.56016276743054 56.197895043682735
10.617996341208425 56.23005588153978
10.6705831298178 56.223241638953226
10.635538585523193 56.18034935984858
10.716174801817516 56.14327083383438
10.744219117859018 56.17840671332678
10.742451323684008 56.223247732486755
10.915813206847872 56.337408632980896
10.95143574493207 56.45432279205977
10.820906702446877 56.531632221134515
10.702233465835803 56.532941276245054
10.514719343725574 56.51067235766061
10.412660452607184 56.53161473983454
10.324846915035437 56.59700394810693
10.265945352920738 56.555386015452
10.220627696305428 56.46969203478798
10.208983959877713 56.48755850935976
10.231001380933805 56.5710738016941
10.285368982719092 56.61241281603287
10.348798290188824 56.623102096852676
10.368222396311694 56.667230632303244
10.343628855529829 56.69282540619906
10.216776114670324 56.690679509282546
10.142481733000551 56.70894032063359
9.975570844052072 56.64987890814609
9.808675641626564 56.6385039803269
9.95746378485697 56.66693315273278
10.119186444845354 56.72597303760233
10.25120952298721 56.71750245489437
10.331456785901793 56.71040389859181
10.265146343720915 56.79687449959306
10.263402678813748 56.91762823169125
10.298447189021687 56.97880045458757
10.195033705701917 56.974980849053736
10.10388528751102 57.02843205744699
10.009027745207845 57.07755691818687
9.947676707763321 57.0451454728304
9.889833305078298 57.055620943069016
9.835497723003442 57.03844176943997
9.777663930203602 57.05083617015754
9.676021397658474 57.03461531299419
9.602421671733111 56.9496464325521
9.52004437767036 57.01459267411164
9.365812830196035 57.008873845922665
9.274642405027265 56.97165432035837
9.16768577686588 56.89037421385191
9.222042365670632 56.85588616340968
9.167697567183069 56.80602177879578
9.250104715253343 56.746479530816515
9.164213126870465 56.67432841598267
9.306192761765516 56.69454580509844
9.304455106734792 56.55957449380054
9.38682774733553 56.56343724205294
9.313238661663263 56.52093204556621
9.246619062814318 56.558608860709654
9.283410778642406 56.61651140865456
9.160721783943103 56.62422529048851
9.080114753671296 56.54991380359783
9.038046103245705 56.576952855271344
9.046817537480223 56.64254343680639
9.165955365369825 56.71186356874205
9.092324933944013 56.794505013895645
8.952136667275227 56.800261932435916
8.689252676593696 56.60686585149165
8.768079469523258 56.54796836515493
8.72783364973958 56.47545287031059
8.62482875088773 56.466770711895606
8.556478767067006 56.568276817254
8.507422564673334 56.53930199818117
8.158624028187688 56.63773570662909
8.099820771146 55.9892755385454
8.166283451407395 56.11121747357927
8.294465550044663 56.06753329538128
8.318192145950377 55.991944312289576
8.38703110598729 55.92818894648639
8.273117555664072 55.848334308581116
8.137799389670135 55.9852954690011
8.171042343680483 55.83632346044041
8.177738674022919 55.748275617188
8.071653499057788 55.55240797832718
8.309508234785426 55.48690919810227
8.235592463698737 55.55605393736249
8.2838172575172 55.603297175163306
8.476648339347435 55.450477832426884
8.557001456319796 55.46141488703071
8.686020200455971 55.35063327789692
8.631403905290881 55.222543624172346
8.708537074250842 55.14365242882536
8.634605548073694 55.033271721193955
8.665496292562494 54.906672090144355
8.874297942600208 54.89817004858406
9.046383179907409 54.87087384918131
9.243476368915566 54.84717451225859
9.259229275863731 54.810874615430976
9.422872504437237 54.82078269677274