38.038022086114694 49.902533722064845
38.019545881148105 49.92651581776991
38.006181907580896 49.96632457027343
37.969884926136785 49.9807125568899
37.92153961210491 50.04012493070226
37.799345921647586 50.08413599549294
37.75758755951978 50.0799708893793
37.63843060311805 50.178082977641026
37.62876901208827 50.29479890665533
37.63848880975408 50.31244999810124
37.581607360780396 50.31492856860842
37.47493898306021 50.36647101346492
37.46499178368185 50.42934802827605
37.48702948405415 50.434333595504455
37.49390988666019 50.45779110780518
37.474516797591065 50.460991115585614
37.40280871524419 50.43210162245944
37.323639449836975 50.43677965520067
37.29241929672483 50.401304937333634
37.15466794456461 50.36075555518943
36.90985839595723 50.347456737699815
36.688485837888976 50.26338637862358
36.65574313994841 50.217596788821425
36.565441726687084 50.24898026056536
36.58076898269633 50.285020798721376
36.4278792426324 50.326324542065265
36.3701255018064 50.29118411479331
36.292006531193124 50.29211918986502
36.27739945068825 50.33589650315244
36.154044368100045 50.435681535371174
36.063145390028296 50.45173657269004
35.88572227221064 50.438467563408636
35.79300525609352 50.417598658368405
35.73962896898985 50.35706834326328
35.62809892454388 50.35361363357305
35.586226556472354 50.39237969128672
35.58892071852739 50.447725969542546
35.568276144375915 50.46411063971095
35.55381020958413 50.45538977981664
35.47827144895632 50.48725670562055
35.4299055002075 50.56069353099983
35.391790216424624 50.58128214663037
35.42306958672248 50.60324903852927
35.397348616199 50.653502142255775
35.48741900568777 50.65765325097459
35.49568368295357 50.67953317905662
35.46037517983578 50.68795501105001
35.490500375491365 50.77930092306616
35.41664351866467 50.8028783459153
35.39853722924866 50.92108768597353
35.32933286780087 50.937813450458094
35.33140781427281 50.99688461284498
35.411941547777474 51.02758256586259
35.38256231787693 51.06456290589037
35.30796498654223 51.074033163042685
35.21810627082843 51.047405976574595
35.166045788453886 51.07532718397391
35.133052536365255 51.215963534569795
34.98085503387193 51.22918342806963
34.68515010859076 51.174619612137434
34.64348647893516 51.241531930690286
34.23814991013106 51.27068570374689
34.3314531214001 51.35998629492775
34.22875248562718 51.416333739509184
34.30339333444232 51.52267607890607
34.096387070693766 51.675770312320935
34.43080465840765 51.73534608648356
34.418004674385685 51.82476139213793
34.10825551526622 52.01869840982761
34.10764169172964 52.143764186895424
33.80524627784831 52.366271653719195
33.563161906903105 52.31250880610773
33.20052364101727 52.376021132020725
32.90948104901403 52.25505227864929
32.701200865759176 52.25817990881734
32.54723076913416 52.32880297391827
32.354445735532664 52.33217420047504
32.33176500111742 52.13404778814879
32.08599498108413 52.03635006961497
31.92224235392294 52.04930733453739
31.964407697983034 52.07480353733476
31.85718219285775 52.11000053616479
31.81937946891108 52.098739202306774
31.778438643111997 52.113172621613586
31.720240978573912 52.09782279080076
31.5278456606772 52.12525491642185
31.48506326651227 52.11513035523731
31.44005958036834 52.14202157577452
31.31873341079043 52.10324298380459
31.30872126176638 52.056338222929526
31.258521824402436 52.04273706465071
31.135180293446382 52.10026505465467
30.961768335141414 52.081802058347165
30.709634167922786 51.86714843667286
30.520950348961975 51.60424482730062
30.656321521753284 51.372246807218005
30.58953050265052 51.26997849556838
30.5556368276944 51.23007361661067
30.515132205394195 51.235893155777035
30.535057833483677 51.17103161539549
30.495121976687756 51.17622823992619
30.498416662907545 51.02130179749304
30.59563083251905 51.02604635311084
30.64690631148264 50.998218388096575
30.680032430225026 50.903279851136034
30.77347958356961 50.872884547847036
30.743030195595026 50.772956011370496
30.859131623660858 50.746755664021094
31.095383331690954 50.77734137460013
31.22527104643339 50.68812963692389
31.16586435675586 50.58821651213589
31.328914513226238 50.505680464796484
31.64247864097902 50.52155427224247
31.855238778702983 50.631223921905985
31.96714508490777 50.5417526585089
32.08046328793594 50.536107489122145
31.97007484216752 50.46827515870871
32.16091588400434 50.357392130249565
32.084205269148555 50.224708014497224
32.458316530827716 49.94026561138773
32.38487741625073 49.85050788825487
32.72692024937854 49.61948915594098
32.763680052324105 49.5089810432286
32.66697595360719 49.491051869088295
32.74020096799899 49.354434250468586
32.496988234002174 49.39579700839218
32.46658351811317 49.32919750580089
32.63957466404099 49.24745004914584
32.860137937362566 49.244326776046336
33.10881133549043 49.17917375831516
33.20643173965169 49.07448318855572
33.25482015393024 49.15476275876344
33.34709123379628 48.94385847457457
33.5809072559594 48.912675793790555
33.648289187326895 48.97606758402992
34.31754383741483 48.72422307135548
34.37361666939927 49.06647866025682
34.86431960091511 49.18832833044115
35.19572531648086 49.1565772893876
35.51188776180629 48.9683243521161
35.96086221597284 48.986395511863776
36.28308894993711 48.54384138633222
36.4715596049694 48.6639339359418
36.738986919626626 48.62165069309435
36.707607679884234 48.80587801348764
37.00288498283419 48.77812717187098
37.515441066612965 49.07172545459076
37.5659982247864 49.23066122297803
37.827386540087474 49.19881207268705
37.94212647273628 49.2816792531915
37.84335192227135 49.50254913729128
38.04623982245559 49.64989878883691
37.955065479349 49.73115944953787
38.09578877649855 49.84541904625749
38.038022086114694 49.902533722064845