28.86607897397107 48.11021462151069
28.845109745581652 48.07696433961405
28.93132094626546 48.09509657017213
28.94628202940234 48.15684339408139
29.07503622524331 48.19232805194096
29.26880733074978 48.0909947367432
29.45423258993651 48.12354416407956
29.58009160647515 48.099764610613505
29.605499243192412 48.13223540439293
29.66465313984054 48.108941239248395
29.669921242316008 48.19570454368366
29.78316847834995 48.20305343746705
29.79044681379628 48.36974880598504
30.014907136198275 48.48256186620992
30.3786343424145 48.52333789816876
30.42002689788265 48.58281027324304
30.575973374164533 48.564881324872346
30.533140415708118 48.63615210394525
30.65365099399463 48.75774602302272
30.985610999776497 48.769161275188964
31.10651511802473 48.72584291747225
31.250441305958702 48.769438051419826
31.366007903479215 48.727858947309244
31.558051758138447 48.81968360726995
31.586502750535203 48.90405460601028
31.803696841184717 48.94026441395036
31.91913423477621 48.888513623156996
32.0321097067407 48.92305078682287
32.142426410296 48.90412565389599
32.24944548787511 49.074730177311864
32.47136201571047 49.04127002893867
32.52729686197685 48.94498693831508
32.861683660533004 48.984701132518126
32.82543028898371 49.07413844773231
32.8898589155111 49.097026234980945
32.756247513777964 49.16048219962491
32.860686936156355 49.24518462533857
32.63967529953197 49.24770133944719
32.4670694562692 49.329330726211936
32.497446217920185 49.39517387773819
32.74082703795435 49.35412281661141
32.66772972777588 49.49071812844534
32.76469400371093 49.508824542197885
32.72781363704783 49.620099864700194
32.38695826240661 49.850476241672084
32.459643616467304 49.940515224654746
32.08939917937303 50.224114904655806
32.16649612399078 50.360685224242246
31.977711914723898 50.46780406529663
32.08449820552272 50.537234210777115
31.969010809548365 50.54276410576651
31.854053127921702 50.63318972997496
31.642038823470102 50.52266294800049
31.33078671552977 50.507150653843865
31.167215109166932 50.58881564032902
31.228260141641044 50.68907815262051
31.095890947451835 50.77870363219671
30.85892973319264 50.74750068926042
30.74423202314162 50.773511513403946
30.774927289134922 50.873855126656906
30.680926633813925 50.903524723768925
30.648081382006637 50.9988221228229
30.595662477164836 51.02668475407947
30.499617130767206 51.0217747936469
30.495626621100712 51.17613538759443
30.535456967337097 51.170665274591784
30.515435281266463 51.23575484058341
30.555739812689637 51.22986987116036
30.589788578623796 51.269728771124136
30.46470723048668 51.2757630960466
30.344849638248064 51.41930806021165
30.19417970454461 51.51027959439088
29.774690070683846 51.44673280083589
29.73676339743787 51.53085185744169
29.391367314234117 51.37744519017113
29.160780790143804 51.65832968483673
28.808864385836586 51.55604772791662
28.763084681455837 51.42475088355218
28.68143598016033 51.44951050707226
28.65117298752955 51.56881072462113
28.456106807845543 51.59167669471486
28.364477107774377 51.54775830785874
28.259077656965417 51.677234252699236
28.091140424939624 51.57323417690057
27.950807642224873 51.563123115700165
27.842074233973904 51.622258255077895
27.75961499723357 51.48146998485507
27.66066178257185 51.519013629050335
27.58844747596845 51.476607991982746
27.619034040292718 51.40805373666518
27.58450284818838 51.401256830121355
27.517882922328738 51.451226298755984
27.4591146817948 51.23891828296456
27.315531158700907 51.045426648771496
27.209492219237916 51.008766900014734
27.275764784729603 50.75390773279278
27.20734584780962 50.66347386615797
27.19331995509151 50.561912396386674
27.300643290599623 50.48708216407874
27.253952368104592 50.396142350801995
27.51515929345348 50.22925071058688
27.586513413502416 50.253952253125675
27.619606402913575 50.08661197472469
27.672068843626704 50.076357825760596
27.66957401718983 50.025603794849616
27.64512996766109 50.033473479751734
27.619670325683813 50.006660587102516
27.573466122978914 50.019967055033106
27.54660909537293 50.01133700355135
27.576783428550357 49.94858215253154
27.554089527555732 49.943829236581735
27.549926667954992 49.902342312875476
27.624681334017993 49.892756829700886
27.611777801359068 49.87652341935478
27.656532428060444 49.79937530361798
27.72603393171883 49.799755210922854
27.702621605390306 49.769988264559174
27.78129025677717 49.72844618874143
27.805439132904866 49.727392379997326
27.723062749548433 49.4975532506227
27.832110542219624 49.42426330127739
27.884570385246377 49.19739252616867
27.402914898382704 49.065251111857776
27.38658854577602 48.636770934876864
27.574540230794838 48.48686267290299
27.77388671549025 48.45478877736815
27.946944563944157 48.318404461152056
28.86607897397107 48.11021462151069