11.187806287861946 59.08461093817124
11.33831553210561 59.1135905493239
11.460882013767076 58.996364245500814
11.472581291606332 58.88802269162477
11.652040071669376 58.907132190208074
11.837036403335588 59.24932840714888
11.697624632685375 59.604983139846354
11.954372647234123 59.704777016474736
11.851865908100137 59.838892884070134
11.9839855765278 59.89899252527721
12.175693349936097 59.886959561483025
12.443571693344694 60.03240480633812
12.500097082318945 60.096418504901635
12.542618268731957 60.19041400721022
12.497062292110456 60.322123773353496
12.546177558619831 60.3458137874737
12.605726183664899 60.40939943141717
12.599777940215972 60.53265315126657
12.399837366340194 60.73440589626216
12.241861815060105 61.01885840424151
12.679066416789311 61.057733864935386
12.881895959273095 61.350127564693366
12.138657187968192 61.72039128122506
12.305015380280196 62.263765784779224
12.057557404006388 62.61108318150917
12.139458970084718 62.74788907449209
12.075327022533457 62.902370222080634
12.218906758738996 63.000205376504994
11.98240408305952 63.27011214315209
12.211790693411075 63.47692892423322
12.1458015710175 63.588823844061636
12.670613670923984 63.96921204062946
12.947095393208542 64.05972345814641
13.236808698362893 64.09288107558825
13.965551089825368 64.00154471339056
14.159960904614508 64.20999531247335
14.123555439163852 64.46189580781856
13.660824532845254 64.59935689804684
14.50347640674886 65.3146895015891
14.5259433249131 66.12048434379616
15.472750680826408 66.27562745185949
15.361632527201124 66.48967700986813
16.41729398341576 67.04977583689347
16.14577124499965 67.52011572241713
16.477619073950734 67.5433482550705
16.740200912440287 67.90963711207283
17.314262796090333 68.1165569054908
17.89952168035026 67.966778165139
18.150816424419673 68.19396167612649
18.124314342758737 68.5318352960025
18.411463482297734 68.58103051909401
19.892386021484157 68.34374136177507
20.260037690875777 68.49076860245717
19.957173471328815 68.55763754472252
20.34534949591557 68.78850485483744
20.32436073018505 68.92325882183448
20.06397880217412 69.045693154655
20.55754248756182 69.05953217455729
20.72175644966387 69.11525974269213
21.059986744161563 69.0329128056361
21.116442298227525 69.10059392343467
21.054967120343775 69.12261606152711
21.00492120875336 69.21774223962578
21.28721973954788 69.30962319278822
21.622484290432027 69.2755047119341
22.17888674663152 68.95949316049058
22.184141103500934 68.9224145165096
22.334699480890038 68.8277117428241
22.372764040370214 68.71557385678074
22.542381592227855 68.74025647832187
23.043141057047734 68.68946921849206
23.163450305904178 68.626093499803
23.436476060451554 68.69267197589966
23.67157270256206 68.7016603019434
23.76459769749127 68.81440189861561
23.93398169803703 68.83615500848396
24.17760085583683 68.73826686958128
24.701974579783837 68.67201981359065
24.867203300897984 68.55551486774414
25.125749708494737 68.63463467354998
25.1339446851309 68.78842121955597
25.449089711748456 68.9017021807953
25.61227816725878 68.88023429578013
25.775996729961804 69.00013534364109
25.703412108278314 69.20578980065812
25.914149751442466 69.66815427737814
26.611122852133064 69.96053750105466
27.074192257610775 69.90826016123424
27.595176528571272 70.07288485461629
27.972519556407093 70.0868791946138
27.98303570287976 70.00604658498565
28.343610769554232 69.88330432868199
28.334256433260208 69.82462841857847
29.122758332326555 69.69257384340168
29.334197698670323 69.4794672606352
28.819348405826815 69.22047202145419
30.086719573802668 69.43379199666484
30.168750433171283 69.67386094584597
30.517649509550296 69.53544421919193
30.943079323082884 69.56048124622853
30.884600580665563 69.7859113184766
30.490740357356202 69.82473620961576
30.389568611664203 69.73933218684255
30.247112999918045 69.88228944234973
30.139135953136645 69.75017175273075
29.937200407642678 69.75499173525296
29.460353654331385 69.66206030772443
29.773640040138304 69.92175008693869
29.58218841924588 69.98974255306089
28.555539725921335 70.10371273471227
28.576449610379058 70.17817488611567
29.90245336686675 70.06348094884396
30.34749118617094 70.141820111295
30.532544953533375 70.24778030987412
31.043423130286868 70.28231586025336
31.011462232148403 70.43679205214946
30.227037466449517 70.56373606339393
30.098638090496223 70.7212432527225
29.380587344606923 70.70360846119492
28.91130045366765 70.8827185127183
28.542559136698884 70.73109708952575
28.45947102361083 70.46597160601303
27.84007030334712 70.49157228207778
28.235399735969366 70.6084168382315
28.293589940249916 70.71846319873293
27.674045071627233 70.60845740504163
28.114714490304806 70.74372188441566
27.731477068710518 70.80036569307237
28.254903257821013 70.80039700734889
28.529494281322883 70.97391347892076
28.22975481047473 71.07995477039935
27.81462990909813 71.02805314029007
27.667836584135273 71.12135867397473
27.20168394741114 71.03637154989102
27.131410078585958 70.92199048593173
27.533693708726616 70.85500093103548
27.112282081876884 70.74374220447109
27.265559099207422 70.59575809125872
27.010127086804374 70.61698923182283
27.08044883319991 70.45743702313968
26.792989911221923 70.49157406634055
26.499672505334246 70.34826360358261
26.588784714518596 70.66344877655612
26.288707061793275 70.6486464691252
26.709962002494592 70.74582209258014
26.68443065346719 70.95946980462821
26.142071322399033 70.76882994106134
25.4459607931702 70.35242440424739
25.236646515186294 70.07385581267815
24.93487903756386 70.06485920010712
25.222074843296838 70.47869930877403
24.97908057478739 70.47993990959915
25.962000298722273 70.88770982855803
26.198285288462984 71.06055686505047
25.661744052689187 71.19484844079713
25.138223850961822 70.8855816314582
24.978276250817657 71.11645033734942
24.50356866336989 71.01166552963656
24.58915159752351 70.63936191278773
23.71350394154169 70.74710891921748
23.60829559329971 70.62547981048054
23.14863655152802 70.61125233002645
23.533218988511535 70.80728684483587
23.352934035481383 70.86746477045426
23.06247419053001 70.82358483556708
23.124971624130843 70.74918789543472
22.961453592782448 70.69096436586608
22.7389477861224 70.76633446090347
22.638691317366217 70.65188310680364
22.395391581525004 70.72407902367412
21.915459570512894 70.63575380212319
22.278216105810955 70.59997258269655
22.120058924195718 70.48477908845581
22.84611976294545 70.51529291095639
23.12316756239872 70.55810409719491
22.809881970325165 70.38636533384721
22.379651003474848 70.34037757160092
22.787762990670263 70.25283612761376
23.173493777701772 70.28285356309193
23.532775073230468 70.38222533338367
23.388522370585427 70.26520353110052
23.24816205792552 70.19440983437329
23.38747026197281 70.11585801659672
23.179804531917718 70.09800281050265
23.504275406548928 69.99728680964293
23.102661467897857 69.9437685478988
23.027160853334387 70.00343021132603
22.966523076250464 70.19353960568495
22.20644243843151 70.27795962092722
21.95365122465838 70.33612155413215
21.73584406405807 70.23458755500423
21.542979051652907 70.32913519626263
21.1464167008304 70.21816246605056
21.44965177962378 70.0917137034098
21.99302217836501 70.02739793644514
22.058637941606236 69.73137602802939
21.251537801689068 70.03069721830514
20.958105992649394 69.80504482649877
20.825919026887618 69.8212545568
21.00970828200124 70.0462084249418
20.665743963528428 70.02042306334712
20.477041694368125 69.75775068362984
20.524130415145038 69.56100994923739
19.932305024807334 69.26227362263907
20.25690715133797 69.59412886906387
20.281374518138477 69.79807105614742
20.42848365429063 69.93672469644162
20.12143473751371 69.97618298915776
19.821984140502366 69.6696989804424
19.681421250877577 69.45995829995937
19.66168992552349 69.70737857864077
19.7575222670049 69.82133935351334
19.19583761346985 69.75283324207217
18.941845905629606 69.57746183337272
19.020871980964813 69.44857879959869
19.41408544497071 69.37105331830836
19.515046944656348 69.20881044656298
19.226640917205998 69.23104552313018
19.316903603494723 69.33994550498889
18.923750311202724 69.38762706621489
18.840832954551985 69.54598432391407
18.470627068262928 69.49816621123782
18.575084813415003 69.38937743867675
19.020516212897604 69.29240892375515
18.662010690545202 69.28030196720346
18.362953353052404 69.36862062733562
18.30704181438597 69.47498147958598
18.095425757781385 69.32207900212441
18.206285377626244 69.13438752083042
17.690817203007754 69.11930855081937
17.43627695384933 68.89881250348202
17.725223082746083 68.93761150484647
17.870874314103446 68.85996182542652
17.59877144372183 68.87252091636583
17.8353798419559 68.76702974381075
17.365560876138233 68.80484375261611
17.590762461046154 68.67907048127105
17.234081322647796 68.72923636061202
16.597871296823826 68.64681157611233
16.576914591243792 69.03752262117214
16.28519923522356 68.99619977997733
16.027781169202598 68.69256958855587
15.924843140257138 68.96868800531496
15.635624630171378 68.89873097586522
15.659336962115646 68.8260789507355
15.129012690383178 68.47232853444618
14.534224366428418 68.4273697561323
14.321706875080054 68.31434489636999
13.854648544412015 68.34390726567705
13.007734726097368 68.0748047084414
12.823669595034687 67.82200759223446
13.451655425233042 68.05962440164907
13.791513318205972 68.09489994932721
13.90473686977387 68.18624882714394
14.25877709250338 68.2581149313911
14.239749804186545 68.15990471764943
14.947541323977447 68.32611986371083
14.994902301090946 68.2509907442452
15.306152387107801 68.36441885875217
15.674544207467989 68.30340141363448
15.810798055532388 68.42176034405145
15.938824508438017 68.40264381368661
16.989856160946573 68.51524728761297
16.986510249601025 68.44603360494236
17.287792338364255 68.47202139638128
17.48024992653592 68.55494110312438
17.53400066784897 68.4754900952226
17.724607223072866 68.45123690416455
17.31463947292721 68.4356427369739
17.240573978621455 68.38007278493376
16.82455462606319 68.34879776738137
16.906561037123765 68.4061141295629
16.53757176864974 68.40613368137318
16.123021073688278 68.2911743465882
16.512141361684712 68.18828962278519
16.273124895573886 68.14245699307708
16.524994569174623 68.11870922302322
16.689281597123085 68.07825267044515
16.615402892479807 68.06933210881607
16.209153526413786 68.08641988657925
16.524438266003756 68.0217086579679
16.45234210545388 67.97134593911437
16.215804345061144 68.04107044659324
16.307956989652638 67.96191089228688
16.25834994588689 67.90742691358557
16.50159129926641 67.85253366216489
16.456167402771285 67.82224906892625
16.169809055069067 67.90208941982479
16.231309831898045 67.95413847613347
16.06630825459979 68.05268787522678
16.115357626189507 68.18007266801374
16.015502491115768 68.28211431472062
15.380184303543132 68.11880317425812
15.317278672856503 68.01379076027288
15.39706637504898 67.98872393154252
15.782154814305642 67.99173997196223
15.905265153607019 67.93295835636786
15.86896448860145 67.89922299909489
15.756435517673225 67.95414907049332
15.201255246002518 67.87688381792665
14.931240281822426 67.90855816994068
14.770568961127964 67.77335781058187
15.09524289796775 67.79457011909855
14.691117572501923 67.66920081937235
14.88975913570735 67.64534551393245
15.4403445721899 67.81175254023051
15.877548218868128 67.7333150492492
15.789251568428256 67.68998145085624
15.521283234216412 67.75599453630548
15.194183136572434 67.66489113658983
15.263939803447386 67.53743608527881
15.531902617887823 67.52149388288976
15.810882320749528 67.58407931587152
15.78470233267322 67.52560950596867
15.559630211085562 67.47753144561455
15.633367786285532 67.40524873716589
15.57692739461308 67.35051002003473
15.452289696583875 67.47874876350045
15.235860859440066 67.48417694254834
15.051534617731164 67.58796123786706
14.657600536895842 67.4827244220181
14.678531369852237 67.38912577542277
14.281072968089205 67.2748696926158
14.727338059690396 67.30868502734836
14.744759589438047 67.26427207636027
15.26375593573323 67.33296602979752
15.138678973590316 67.2668146514734
15.500226278100229 67.25113142551169
15.481902597360403 67.08835242351654
15.36717788375887 67.09375303233242
15.392674819476127 67.18483731766952
15.086227335980936 67.22657147802391
14.908546602081628 67.13598332178012
14.91553953303739 67.22107600511939
14.598362508393848 67.23180489830582
14.267278184000418 67.17648891049805
14.010868773282397 67.10717289750698
14.062706285403834 66.98089093259148
13.547322110534878 66.9493907801911
13.770220486347796 66.83881156912042
14.0584324737479 66.80510930741033
14.034077466842945 66.7873104791895
13.512481798668944 66.80310720860123
13.756060160509378 66.7582608695883
13.554289435763224 66.74666061470833
13.791186132699721 66.72473301416179
13.275521917291513 66.7025995773131
13.623805204793399 66.6580727736586
13.237322786068148 66.62967653869057
13.23837680477942 66.55922193313089
13.428124281739429 66.57188772931534
13.681902248950678 66.54550506859408
13.679780958045285 66.50950262241739
13.456175877137412 66.5505864742035
13.284453880140916 66.52475802808792
13.356094034843153 66.46675585631772
13.084090316497225 66.5395813910715
13.00686058021077 66.50973713875968
13.149825758285573 66.43426748330336
13.000509158781966 66.34342815398267
13.18069454453709 66.29796379811265
13.448325881787838 66.34556101232269
13.573945321757094 66.31077286623133
13.208974194969613 66.27967074824409
13.026282908978004 66.19641968572802
13.049261867527974 66.17984902184537
13.317157802971735 66.2498833467204
13.425370937303882 66.23715274457737
13.811899081169031 66.27232215423899
14.164621718282092 66.3468823936474
14.001976002372999 66.25588243109488
13.798638654160982 66.20502207387659
13.847173477940203 66.14282497705884
13.677761320949116 66.1623089367144
13.53343610450213 66.10618249919841
13.585036973342568 66.21326679300975
13.34041947669428 66.21317139073253
13.093172589230988 66.1487929827446
12.776440234279704 66.11545883910534
12.6630227222158 66.06465236579746
12.824655007240011 66.04848360421488
13.058271706103284 66.07934262431607
12.94246110249017 66.03846409035512
12.919460027477697 65.97537010631407
13.103465320847135 65.94366436912682
13.2046869736092 65.85646551274846
13.16848809302121 65.84021266541347
13.037190896617744 65.92036106054843
12.93480590451685 65.93028278171033
12.843662850773114 65.9735194374216
12.666889739734444 65.92393145480102
12.603351977823024 65.8341049156171
12.713568071617885 65.82253547064224
12.718140296933683 65.75847853803424
12.618676500934157 65.80465003476948
12.552034008405741 65.73815312240191
12.657359960149705 65.69485894086503
12.654623902353535 65.65583677194846
12.78812955218038 65.64208193408945
12.75496050506689 65.62392988495637
12.59037244023628 65.63897950481302
12.61100533765665 65.69388485517197
12.498041693016773 65.73604236778633
12.361964005506223 65.63583493167934
12.410655091569197 65.5495723210571
12.498021705627167 65.51870757354922
12.58790314782948 65.56775558322687
12.57514811568052 65.49302961629351
12.772701742433213 65.46572237463064
12.639274820279411 65.44635911697517
12.682862571695807 65.38132522476704
12.467188606139928 65.45996394527577
12.287237119623086 65.58241256614042
12.204534830406743 65.47680131773919
12.356462797985984 65.47006629343534
12.16891310392353 65.40706031126814
12.078849174359135 65.21579201430711
12.191977861095438 65.2352282559412
12.251104402275587 65.32662265230186
12.461778524686423 65.36428816714397
12.328219939037893 65.26636697390836
12.497512599671296 65.2015102683259
12.37445999359997 65.18255965975536
12.373812033914191 65.15242633506696
12.491418113672864 65.13612354718194
12.638270554050735 65.19337738828239
12.733719554135035 65.22147405596866
12.92073650276609 65.33738122613516
12.973335318515325 65.31986645786492
12.833789322989787 65.25911102751641
12.752671589108616 65.18778271147775
12.552957447989343 65.12316115458879
12.312168052031723 65.07021443551423
12.126982541459938 65.03879224420223
12.350576585497237 65.10917398102794
12.232309577821383 65.13401506053603
12.30452637442545 65.195646530819
12.199092562855213 65.21720622987502
12.109051938343185 65.16860703755236
12.07558751607229 65.07561656738545
11.978002520663665 65.10050774126401
12.031961059876949 65.17838099697556
11.841795693899712 65.10268486681983
11.74156494835188 65.02804571406284
11.83672738951654 65.00527097105339
11.692643837023326 64.9584774149904
11.476651443847942 64.95520601606609
11.278769521183364 64.86255690637742
11.268378034598356 64.80676592520678
11.417584831763321 64.79257107598966
11.209332206926348 64.74215197052578
11.39435618165524 64.74320724515695
11.54865050842821 64.81771710313336
11.880449622315666 64.79607306687242
11.461226667848592 64.73114856901361
11.746790378981302 64.73026027072862
11.906216601235485 64.75467780358426
11.656845337007098 64.6720509988962
11.435530297448565 64.70040989218447
11.179921603470603 64.67915544411113
11.185523205732125 64.6438044137114
11.251299618464884 64.63961147335209
11.317124199523874 64.60540656480904
11.361896351764187 64.55674473662637
11.46399814438351 64.55496851447467
11.648783680267258 64.59521528967014
11.759249768254136 64.58501751775631
11.549270702542714 64.5297338110775
11.466203144907723 64.51174115653251
11.318810150362879 64.5442190181816
11.236979592436313 64.54680013063938
11.244912216320557 64.60199520724484
11.093275286565074 64.64342753148429
11.034507635242534 64.60849242643431
11.14444220495156 64.58247802122753
11.14628340364763 64.52796141790509
11.284743969855498 64.50179719492266
11.478066752725113 64.46016216300035
11.47608885239623 64.4307632034936
11.375737985573465 64.43397911224147
11.237196354734778 64.3268151791822
11.292315647223063 64.44952729389558
11.174608619020233 64.44728609654402
11.068605006636062 64.51980017492579
11.061046406406433 64.56700747383266
10.975748149005994 64.598752051458
10.913189578423754 64.57596908299001
10.981472272299214 64.48977701109584
10.789918162242401 64.53766611032904
10.704606727601572 64.48136862966354
10.837588769350731 64.3835625044542
10.604213584237868 64.46016522250198
10.482733807441178 64.42084098186032
10.684255986139448 64.35327296043545
10.477276064256074 64.3635937338174
10.412214250994765 64.3136590790105
10.541036467386192 64.2964283849825
10.368615859013858 64.28653428929715
10.277607340764064 64.24535923720535
10.417880088535355 64.20260775735983
10.252949554216514 64.20907559038176
10.173258443762933 64.17931481277776
10.10128592144008 64.12812976325245
10.287106892355041 64.11576545176402
10.139352308795736 64.06784445775128
10.076671127954967 64.11574258007596
10.030988980113449 64.09577901027973
10.068930153092879 64.04114075289974
9.970367709003767 63.96635016712489
10.095497404723403 63.96817586386078
10.055714981996545 63.94819853019504
10.222377721142692 63.96168611415658
9.973421914857994 63.888480351573776
9.8520934752232 63.897472224302334
9.86348155376362 63.84657655979669
9.747800704193082 63.87325267262321
9.609353533851987 63.818063356169034
9.757280373711211 63.8314726002331
9.57711047689773 63.77703053892631
9.798703773369823 63.7674401318952
9.570220634730305 63.71403897294621
9.58267486451237 63.67290915468752
10.131833543506872 63.784227891967845
10.129269602249849 63.74458505731292
9.806768212906462 63.67382559670946
9.971017493430963 63.490269966315395
10.403777202026788 63.56797118556179
10.700839360519211 63.69552699008233
10.947387794135864 63.735208368065656
11.057354419886934 63.849548361749356
10.969715074312916 63.901397614432796
10.659474627682528 63.81447195916601
10.751855684144942 63.89010752143187
11.028284595633977 63.965492037720935
11.206269330599099 64.01517119132203
11.208696680973048 64.08244880703688
11.27824943268638 64.03542400988476
11.562647553166386 64.014051055593
11.23984415735103 63.95898989391483
11.113680373601596 63.88566773502288
11.178156258460746 63.852959285928335
11.408611461536793 63.84390454481968
11.466723455856084 63.78508139144307
11.136982214513694 63.70456782623569
10.97054043517781 63.69659925186701
10.672929543411726 63.57025918861686
10.952175964740547 63.59880215984421
10.911022539148775 63.54523228037684
10.754959187805838 63.541720355186726
10.908166524905056 63.44357379179459
10.785244309982744 63.40918047499247
10.45234205805005 63.46063630290752
10.098722513272577 63.42640525575311
10.201158147740102 63.31627556745215
10.003972377400544 63.34276564116243
9.832423128887314 63.30370873208557
9.975774864609264 63.43099053658182
9.834771199564017 63.49035322942001
9.732026879612704 63.64085121748326
9.168565820355155 63.49062145315136
9.248350289655008 63.37900690684546
9.518726662404248 63.38367808110539
9.099368125885945 63.281091873450805
9.161682106885166 63.37434411631341
9.047222480663777 63.45345574328957
8.703860172597444 63.42243313004249
8.485279207891722 63.34939421049029
8.641991258456244 63.19215321017509
8.905511539996098 63.20948965538449
8.576015177850962 63.15924577950531
8.253383235000598 63.145042009425055
8.163149051851832 63.12630273143097
8.26556270154424 63.004508197121794
8.651421586018131 63.01873434062989
8.676825387997042 62.97353911120254
8.429476797080412 62.94745904960385
8.70952276211105 62.82723216634264
8.50352458314876 62.867208147689894
8.56965887683674 62.819711937897694
8.311689774641621 62.88561922361433
8.324483452849734 62.970734945849756
8.117059151046675 63.019625117082086
8.088898792649644 63.10661596351551
7.971126350448117 63.08112646725206
7.922406344976366 63.01377343056282
8.109367212056043 62.98240450399712
8.206671650768214 62.844832968761125
8.533935686626762 62.74713688125894
8.55894877925138 62.66468822847432
8.388355762008217 62.745595156994
8.11963990736254 62.8157413311572
8.063253717950033 62.941623063483945
7.942878246289098 62.96840239861024
7.684478530955204 62.89047041293506
7.7662495694257245 62.96495620986414
7.46163500109833 62.91023882268223
7.294744700898008 63.00559262197544
6.933399385148675 62.919259469167685
7.257159497950909 62.81867960098947
6.961439193580787 62.79512066825754
7.027036982821528 62.73504334724427
7.355657408999576 62.74356773631851
7.4915253623533715 62.694153640197385
7.917981091976657 62.778008506671824
8.165822360235694 62.72226755398148
7.908105158974763 62.730846963492866
7.533649017257915 62.65972855040641
7.421287708254283 62.62300347303193
7.5708222054678345 62.57356017911235
7.795370167381321 62.58881914801228
7.584086450384007 62.5155299376446
7.266368020135133 62.61872841862839
6.994125817708834 62.66410795712133
6.919018825338782 62.58226398439524
6.773754191265283 62.65113380477331
6.3140129700080365 62.60575972694102
6.269350588721238 62.53512849575796
6.462596168137338 62.52331786303964
6.238166773551399 62.50760068987887
6.126731265168985 62.523281696255
6.062540881676824 62.451760316765814
6.121128195466895 62.40382748939166
6.32112995637894 62.40205600959811
6.528663935730748 62.44660993167747
6.7448715008627005 62.47985179773133
6.90985602106349 62.446865972057594
7.000084687706789 62.31377402467672
7.4134226640354655 62.29150692322028
7.406773364086661 62.25931736309872
7.079784339654594 62.27193214040665
7.026512974687677 62.083528057467475
6.84933925284605 62.088783801884745
6.9859144948440814 62.22533632658451
6.844117935853006 62.418083660844076
6.585234928667802 62.41001999974452
6.443301090386939 62.36674024950986
6.645282779828591 62.15834538518689
6.572782587222349 62.10191770842695
6.34285972851157 62.363563597902214
5.997086823527127 62.26055372969762
6.083455025182587 62.14781230412305
6.331927317626878 62.069027276649706
6.114620093449872 62.07009152207959
6.028174224842644 62.13961632318603
5.882845359898255 62.01673396466231
5.920929653042293 62.19105708273253
5.696056792219167 62.17175376455532
5.4398451413936755 62.19257948080306
5.613038920409821 62.05526869156833
5.180142034168455 62.213517138994575
5.104109023616644 62.14571872808571
5.408960055140199 62.01148529208203
5.242956087727947 61.96927758889669
5.034833975642869 62.05012845547614
5.013986444963251 61.929783111325264
5.298445331116682 61.91085838785915
5.730699854034185 61.928794370694504
5.98993673416561 61.89825956322309
5.815718604558697 61.872422670018636
6.229395785918285 61.85322312425751
6.3369041267269495 61.880850860929854
6.486551990041278 61.826897810067834
6.603983541363249 61.905039053537706
6.866453769594727 61.85939049135291
6.78167114354639 61.84024092593964
6.639074775463399 61.86426729886145
6.524423574146169 61.80171213057912
6.323944383434082 61.83753427811672
6.191015598853909 61.81109033113876
5.787670673532659 61.83391276240306
5.621087798829308 61.88389003596677
5.321614278738849 61.879500702765625
4.953967004017045 61.71021269417764
5.010502791758995 61.6436415481615
5.361444767705109 61.550079598136705
5.12837658637352 61.526778882178235
5.520420961160795 61.47424154518174
4.986653793948705 61.43264827020528
4.993635376533206 61.338231288619454
5.500112959494459 61.38015734048875
5.226230764599904 61.30861623556024
4.955141878795189 61.276654474387186
4.989895580578775 61.23676944287294
5.316014529107576 61.1938349847957
5.190350048683399 61.132035238848545
5.401776148005666 61.067142826847544
5.781751298034891 61.19888701107013
5.830243798681181 61.15235901167529
6.203213998279921 61.15596207752836
6.358138262447852 61.10363482190536
6.523918077855626 61.13566778155706
6.506647857881745 61.22390090126814
7.062462980292395 61.14394604474322
7.7617505089568795 61.25556766323763
7.423307362274102 61.117797739573035
7.05561712563653 61.08554775187807
7.075718113736144 60.97897766712924
6.820462856511597 61.12090640398486
6.6272419750957 61.1426956826337
6.544407737314486 61.02649192660479
6.141127484283544 61.1076616953913
5.782104076208725 61.09077841802147
5.4676019806040586 60.99365661678712
5.066870779685985 61.057123700985215
5.040411297447292 60.84983302354456
5.242122743105057 60.82470429691679
5.467708642792701 60.89536120342521
5.31254346640236 60.778982394036916
5.457890886195486 60.69424654027151
5.059167612853912 60.79269137202576
5.23747606661567 60.65058510487938
4.899736772761486 60.74231935928816
5.0263397015989995 60.553881485837024
5.232480378250216 60.511671118217464
5.352460035938549 60.57821165227958
5.505878831974201 60.62592249628247
5.5569881182263146 60.62968676818534
5.549348025329124 60.69977975031446
5.753371696683075 60.77578410967919
5.55699783688155 60.60840259866575
5.367823437723871 60.54304636620839
5.191089495860837 60.35382002945539
5.44364343920364 60.128404490241024
5.6935527013667695 60.374000823656786
5.606889672668899 60.150058918317995
5.77501568413922 60.192046942187204
5.75489738166354 60.06863924427731
5.405075975008231 60.05341885554384
5.097563561090368 59.82147794768508
5.197769516289725 59.58269376606464
5.595072346784718 59.83204266791515
5.674500111823306 59.99999436110258
5.871507523214149 59.9981642700327
6.029949986566493 60.11038798233446
5.981442874524674 60.25968428951731
6.178443498063729 60.26654968604541
6.198731750974019 60.392897310988076
6.658017024309288 60.49680754816609
7.12987296139147 60.50513764775289
6.743442564553504 60.418395076225266
6.555066901519552 60.0472125310078
6.6454136863840745 60.4136166265007
6.565130762793643 60.435621711987125
6.236240838873243 60.27846896379995
6.149935726520994 60.10195421190099
5.874510537590197 59.920732599727614
5.73312256730614 59.870387387005735
6.123012575391186 59.735117575598196
5.778210588234771 59.69445738400577
5.805399989848695 59.60781899421917
5.4919078929082445 59.704356002535775
5.2291910605066505 59.50820342444868
5.167437875734322 59.136710352415434
5.440306958468426 59.17217182129377
6.030448414854874 59.39993201825777
6.168801489364824 59.25187266748301
5.90498395746846 59.06447690502364
6.221259065755987 58.839526675260714
5.5909776992818365 59.0341006385963
5.544593498146668 58.648723483383435
5.670925657089583 58.54993928698727
6.075188613895165 58.37832316396188
6.400010524285591 58.26760286874071
6.731474385552929 58.22776212940104
6.5521791945730286 58.09987510506801
6.81160814104075 58.05243993607064
6.990224787878333 58.07141271739053
7.064053675316558 57.965972994279724
7.247711787562764 58.04579571317797
7.574062304734355 57.96867809433033
7.795867113810942 58.06462182716328
8.045802598821865 58.06593542984126
7.969209282705805 58.14412421252655
8.188622703183228 58.109062234138946
8.522673534970721 58.26365428337775
8.920414085412318 58.48561528926618
9.172619031699185 58.65330623607136
9.460775380124801 58.83532927276411
9.312168039870983 58.86159509435299
9.629962897833082 58.94511140845509
9.735351000158374 59.009111243368665
9.639116908590637 59.07761980064322
9.838679058961617 59.024558531217195
9.831340192746438 58.97231141348621
10.201990976493732 59.02911668408814
10.299520543829487 59.07163378318222
10.295322064783733 59.13646275919908
10.370226559713473 59.22814910801998
10.395608788950057 59.05402586690073
10.476112265764982 59.06901126426686
10.46495956002505 59.16773772066523
10.538272078686504 59.31674075958537
10.457217056980284 59.36474737450277
10.513214451130466 59.42956691812185
10.230768206386813 59.565157982151874
10.38604921099602 59.54709554159365
10.387928866276724 59.660216812292276
10.228280696967886 59.7331606224264
10.406700063655506 59.72747528426518
10.470509338305419 59.64308464539178
10.433023175150765 59.52899381226047
10.62287670575995 59.562316715238126
10.562668721159383 59.674454247776794
10.468693397917122 59.737908226414675
10.485633558480373 59.85233364020047
10.716823987533616 59.912755724932396
10.80865002738949 59.87298380830856
10.741169490814883 59.72185957952999
10.675552609051095 59.85908049193955
10.594636106618566 59.74460585672554
10.675445045526828 59.62699722099532
10.669866628571725 59.523261083912615
10.643593347759833 59.40003872072293
10.683074825645576 59.30900666898552
10.779784740389374 59.32075933512752
10.700930333955256 59.223238155042395
10.940136853660249 59.147630876183825
10.98594532827471 59.18545534971619
11.074982014617149 59.12675241112737
11.184380152189107 59.15938570237475
11.187806287861946 59.08461093817124