32.0159863925154 46.657556359583936
32.048363147776456 46.6138093459864
32.11151217318323 46.61095598422551
32.13989975879511 46.55614186211082
32.24738416488509 46.59189620090115
32.31811428891166 46.55661870071472
32.454002768078055 46.57343789631537
32.553523645749635 46.599893050385674
32.60327985809457 46.587635968972506
32.45776357921437 46.49788223299112
32.381722982274084 46.46362045461126
32.09539097359146 46.49852765715693
32.002450124116194 46.48754042756366
31.748036283635543 46.54632856123226
31.53775097358553 46.54235903933963
31.707659357895437 46.430543409200425
31.707659357895437 46.48163224004304
31.77336978276594 46.48680311995827
31.97143977773493 46.439600620471424
32.031517880474524 46.44024750653202
32.066250533621 46.38911984443354
31.97425593880098 46.34377679722732
31.799653952714323 46.33146290417227
31.762034861198288 46.29763323063162
31.784907243030545 46.26841418525109
31.88330940606201 46.26476513670764
31.892207898498356 46.2946370049346
31.937971573883658 46.29815027169161
31.972294330422216 46.25509722191663
32.08161866606389 46.24718584184336
32.10195807734692 46.20937127447982
32.23543546388561 46.16624849793763
32.22653954325827 46.13013744562545
32.54411987876529 46.06679394064318
32.6539378804718 46.10455232871382
32.86418772989245 46.114313222882316
33.02902211270245 46.10642841935379
33.0341067578926 46.148715681729215
33.14215546821339 46.119646676143304
33.199357726616995 46.17512873573099
33.208255855702504 46.10995359781862
33.257831146318495 46.137266086971636
33.41545514725536 46.03411257640795
33.44640035198833 46.04644955685441
33.47627968442745 46.29042193850364
33.59250633173565 46.32843275891685
33.796971662728765 46.289456786045236
33.9093033260051 46.226628352927094
33.9507156669184 46.22222658416575
34.042375874293015 46.11924421579968
34.164387307529296 46.11943467083748
34.205720572434416 46.16500104913999
34.14372004948632 46.25342222754355
34.16251838747655 46.29172910377608
34.26773109365999 46.1825676714665
34.294038587513114 46.09793610430336
34.3184669746623 46.10379940412318
34.33913714840378 46.165651764844085
34.31095050752364 46.19557631162573
34.30249284241668 46.26834998246804
34.36262598190501 46.18972283926769
34.40960364923268 46.18191716034988
34.48288881026215 46.1389661139352
34.537367297738854 46.19557469651983
34.593496803132666 46.17080493187319
34.570003731562025 46.09072465116512
34.5437149439438 46.12393956735451
34.42533295977495 46.10896153964353
34.419702891232475 46.02486563538349
34.539026167377784 45.990931714880475
34.60384809369316 46.01769268922669
34.64143748312384 46.0926710261723
34.62823266565647 46.17015473381494
34.70806246819569 46.18121288582242
34.80304066026477 46.11937911501715
34.7898869132888 46.071816697371844
34.69781068445221 46.10374668214337
34.6884151508971 46.00137513844123
34.76147411951331 45.97172761779885
34.76711059701958 46.033718806427316
34.80468711372666 46.044804639539365
34.835687740008666 45.95279015317894
34.820657133326534 45.83379344209692
34.861051888785596 45.820046644730894
34.872324843798054 45.857351482343205
34.90484031338113 45.85546704701005
34.917005205395725 45.861641570824844
34.85876703366125 45.97905130082299
34.83532228366616 46.11196629390676
34.81371465378237 46.159489475438704
34.84377172562165 46.212819732493585
34.925494877919675 46.245959695628414
35.05608294529003 46.264151220369115
35.107751552545665 46.29661459488159
35.13500382614484 46.35176255170646
35.19515506486394 46.37094873122311
35.21597166780819 46.40301692068215
35.210421740684495 46.436018396494404
35.180589965154354 46.45370626314087
35.15838409594983 46.50100784144456
35.19100338093705 46.50911466405532
35.21458229575913 46.45705292137794
35.27425093994981 46.4417555813848
35.2555181332134 46.40157929494265
35.264537918830996 46.356585079936536
35.306861528265756 46.35419073206921
35.32281961051234 46.3340740681856
35.38323556225936 46.37593390141137
35.45371038803347 46.44331513331477
35.54485782936638 46.466620012536595
35.62655927571021 46.50542961677809
35.715904580917424 46.58190742896301
35.81360502085599 46.620637202891146
35.84087826421117 46.627742713495394
35.87096617623007 46.647749318220775
35.937617473981675 46.66449796705197
36.05127713983066 46.66964929506199
36.10673702913405 46.65804961248395
36.16594130082348 46.67384029887967
36.223558693322815 46.663842063656176
36.26936331771819 46.60665788168109
36.36094069552422 46.705733263548495
36.444224797733 46.73475552717437
36.54465577543422 46.76067021179014
36.58697237612344 46.76589581961272
36.617469321193596 46.782521451074444
36.72016264439026 46.78157172735334
36.80150953191958 46.74450295892831
36.83207491848847 46.70643410236377
36.897954281332034 46.810414674192145
36.99217989796358 46.86441966069066
37.052022599602395 46.87573797399395
37.13605107234048 46.91227891791942
37.167886322224575 46.911409170854
37.195894021307424 46.93749555858258
37.216268094998696 46.9348878938319
37.23407847849623 46.95313872065961
37.31941296473249 46.921845950451086
37.32705551359069 46.878345530863385
37.43143308801555 46.98702417893688
37.52051177863396 47.07205663000505
37.56121924062151 47.08505054384048
37.72414634684435 47.082446070046274
37.825384043680884 47.09003404899687
37.88360885625039 47.11368442719666
37.986137638569545 47.084289785540335
38.067873894826164 47.10731552600973
38.1064497809995 47.100288636026846
38.137467739110576 47.047798906888744
38.231727889741194 47.120544493750145
38.23566942554913 47.23096938055497
38.332979433909884 47.26384711352594
38.22169919828613 47.331509722891724
38.271290460072805 47.546616769482085
38.38080837087492 47.613447525561526
38.76524807383774 47.69500307226255
38.8396027937317 47.86651283460969
39.075522462093716 47.86284271366918
39.144252773687384 47.84445176231549
39.38328473381637 47.87028124597347
39.52885752261241 47.825972540761484
39.74587234099829 47.827860551398174
39.952149585422035 48.222718790674406
40.01502630344007 48.233783467173396
39.990344269439476 48.31614029586629
39.83107681352729 48.578514795372314
39.64981854243476 48.59664012618083
39.80375340586721 48.835530226371844
39.96291959955306 48.795792111820475
40.100225489317324 48.87914991359949
40.05073065319874 48.926209160271554
39.97375260520744 48.86849041131586
39.80372172961265 48.910043600640535
39.666319028445486 49.007867105216036
39.69370196246595 49.04673299062793
39.938156535578884 49.058989508034244
40.130410449771915 49.23723210353802
40.21836863684001 49.24976597530522
40.184193530953564 49.351567737409454
40.028967385944924 49.45313569424536
40.03717761607672 49.52537156140991
40.16845894363286 49.569391762858174
40.1331382602107 49.61714774569771
39.95308832543819 49.59791088171801
39.891350256645524 49.55908700360348
39.80688771503006 49.557782382634485
39.65585915277168 49.61607916224071
39.59064180417957 49.717398150177246
39.61123117706188 49.73426292494693
39.42858869967944 49.759988964755735
39.37639432394471 49.73956277895422
39.25743372669942 49.77432707275901
39.186169459272975 49.890041708389674
39.05925943546305 49.817246476696766
39.0262638600405 49.822426548320436
38.93029585136833 49.799560218817845
38.90850846416612 49.83282722375179
38.91146125598709 49.86298942367023
38.898406730641796 49.8703965418004
38.8420664508142 49.865916613691866
38.74342243082842 49.89833854537656
38.72222443771514 49.92758884115818
38.69068173825275 49.93729474810081
38.68464296936918 49.9620557908097
38.71281007561939 49.98254462940926
38.68553748409266 50.00837467175367
38.675928289662835 49.997269402362946
38.67822435791652 49.9748098985545
38.66604083514278 49.97219997932373
38.64721565776452 49.957185992503156
38.611482842835585 49.97561408329673
38.58115267309984 49.97518912494937
38.526284687561 49.959232007674814
38.490105439679155 49.96322587974586
38.47832761036847 49.983109918346145
38.465306745883055 49.98396782318184
38.4661137431107 49.995450159785804
38.43353813406546 50.000721969335274
38.416101549433705 49.98309565950407
38.351212086333334 50.00731451795491
38.33088849064947 50.08631939729622
38.30055853728544 50.088287504516416
38.277220837459794 50.07435859930146
38.17858003090683 50.080675530578986
38.185251166525404 50.021216255123505
38.22025619183478 49.97921651186127
38.132086000006296 49.92713510871715
38.03637764754646 49.902901654767106
38.09432970323479 49.84547632305228
37.95378420965014 49.730917551983424
38.04427438720634 49.6499197238181
37.84246250089936 49.50251218507452
37.93989605727009 49.28208192689311
37.82623177604276 49.20029903660719
37.564063209114266 49.23207566522416
37.510800141326115 49.0720433099566
37.00040994830957 48.77938453317901
36.70590364881548 48.80692019227013
36.73834110480334 48.622745295168045
36.47089071755795 48.6648544524015
36.28374562711991 48.544801312099594
35.96105636163941 48.98714457650988
35.511792431825995 48.96887437671796
35.19562554049406 49.15705220498077
34.86356959970348 49.189045308569234
34.372480771515114 49.06689809276628
34.316724334639275 48.72527769254239
33.89971562006994 48.886506311131654
33.47183307860814 48.56558821842381
33.54337484190464 48.24716549050197
33.04093943574463 48.0052394764418
32.96658197074544 47.723508067204676
33.091643949194236 47.5365305943227
33.1377993529658 47.2382264687439
32.877936950512094 47.08848601259146
33.00658853674338 47.04950054231381
33.120348339273534 47.13426027662118
33.2087328097229 47.10769533321954
32.92497924887181 46.8559937284455
32.27497777490649 46.821943831522134
32.0159863925154 46.657556359583936