-7.398193583942003 37.16266760718062
-7.442033539000477 37.41422779398542
-7.5066790412996625 37.567157479010504
-7.422154189996576 37.75284332590209
-7.29838593868314 37.81829281893373
-7.242510914379295 37.98381048147057
-6.991782423226738 38.01728574574804
-6.9354215740591485 38.22391633546735
-7.085540888147051 38.17387676899287
-7.313968934178831 38.4467626534136
-7.2658297554100955 38.70737160172288
-7.082122552293583 38.81873162123614
-6.931009256327286 39.04814365220972
-7.133495723681477 39.158769711173704
-7.310226076719147 39.341962323160544
-7.29252690627834 39.45690767363692
-7.527760240599292 39.6648355324175
-7.017125344066869 39.67247678324418
-6.857190509549099 40.02138587549004
-7.002221396516177 40.12297705219177
-7.013185166645684 40.22249993346665
-6.779363874328823 40.332717476802856
-6.835210955084136 40.568016404350544
-6.803285407812837 40.85495863805579
-6.942209207663495 41.02894258479154
-6.8089572322369065 41.026397665501605
-6.769329229519144 41.13316176783354
-6.5014234681477205 41.258590235320895
-6.19479034527842 41.58928950650011
-6.375992522784372 41.67615083827974
-6.499116913103535 41.654099742217454
-6.560261015752275 41.72746912062783
-6.51171928101644 41.87635747473698
-6.548701745782267 41.94302553612309
-6.775415382473625 41.98540125130913
-6.927656086513565 41.946714764027746
-7.175184281371912 41.98590697939383
-7.199901141480069 41.883330654728866
-7.418302345436558 41.8068291203013
-7.4486635550261155 41.85867115801992
-7.6126984235105795 41.82757097395614
-7.582164264266368 41.88107729384379
-7.693277066567646 41.90552680540384
-7.877552741445157 41.85309456459524
-7.890146815761483 41.92746971302023
-8.043725774812486 41.822004161013865
-8.152098425713405 41.81477607351417
-8.212629038018719 41.89854451358369
-8.177166562247407 41.9630999337256
-8.079712403126223 42.01994557965793
-8.101218259920103 42.08601195952667
-8.18682000362756 42.06566708141642
-8.186558778392083 42.14784355837952
-8.322294534445007 42.09032552687066
-8.462715128801989 42.082501877557036
-8.62479570481193 42.04668200952136
-8.877068609646813 41.86176521416172
-8.881447528551632 41.75777347775045
-8.846941487799512 41.67783986296158
-8.824334081790198 41.67339619169073
-8.823010328460214 41.624973339028145
-8.807542103295873 41.61074083702343
-8.788504287708179 41.51815302625005
-8.792073878131504 41.49855014378437
-8.77541578949274 41.46913469175138
-8.791872258801732 41.41188238710984
-8.743087856359779 41.32973279344483
-8.724050040772 41.25016329303753
-8.71096154255568 41.19198942693504
-8.668761422061152 41.138485973472314
-8.65823493519241 41.0571126463947
-8.643030009712305 41.01564792283412
-8.73544192678122 40.69635441763489
-8.755507591256475 40.65171378760411
-8.74885590361194 40.639124254485665
-8.80102663124697 40.45615792607708
-8.862414857299683 40.28064807458287
-8.911910163004137 40.18362898790548
-8.862414857299683 40.140692040352235
-8.919329320750364 39.99382931901212
-9.029869340007536 39.76938957849333
-9.087390911502723 39.60468130640311
-9.068662957992757 39.59540479607111
-9.149661238908323 39.509944680367454
-9.31553739856841 39.378749090370064
-9.405164033225219 39.36530567881229
-9.362267277461825 39.33946889324437
-9.344877034916124 39.2846140866549
-9.342664805705908 39.21468911984621
-9.417576619746825 39.08086175913175
-9.421589752641609 38.955102595902446
-9.449681682906885 38.86766722926026
-9.500514699576627 38.78220979930222
-9.46974734738211 38.74465950888393
-9.485799878962524 38.70604556614617
-9.451019393872173 38.69351764418684
-9.389484689482146 38.70395773155454
-9.325274563161514 38.67263289780908
-9.283643198728441 38.69652314137835
-9.19401656407345 38.69443502876777
-9.113753906173486 38.71635717074659
-9.088337397838075 38.75392234671011
-9.085661975908522 38.81752934100351
-9.010750161867662 38.861291328306464
-8.941189191687926 38.80502097342321
-8.929014141191175 38.76208824737108
-9.046732706111072 38.71722156891872
-9.04405728418152 38.693211543672675
-8.997237400405595 38.678592798651636
-9.066798370586355 38.67754848829364
-9.09890343374613 38.652480468798615
-9.163113560065682 38.68172563829975
-9.260766460511377 38.666060068722345
-9.216621998666028 38.6179976144692
-9.18645253160878 38.52121852183859
-9.222570727664419 38.41753105491284
-9.193141086434196 38.410193975082535
-8.993822152648988 38.45630038412017
-8.898844674133926 38.51598535637024
-8.786476953074555 38.47410633795582
-8.73163080350895 38.54423992980753
-8.692837185524752 38.41543482241562
-8.778450687284902 38.41543482241562
-8.873428165798941 38.47515361009749
-8.790490085969395 38.355666632401295
-8.774437554388982 38.24123560099591
-8.817244305269043 38.06767114956051
-8.896169252204771 37.95278698265501
-8.80337743181451 37.915444170974794
-8.809939558532164 37.74782716143437
-8.817020410558541 37.60282559594921
-8.778998418308163 37.516709289855214
-8.833315550095534 37.358571048136056
-8.878579826584343 37.32402376771677
-8.862284687047662 37.26785054920563
-8.90935953459632 37.18567579993734
-8.902117250357975 37.168364444729505
-8.987214090156982 37.04851901120897
-8.986812386961361 37.02378628564446
-8.961464392127766 37.02812276344275
-8.941548110472581 36.999208235791585
-8.869125268091665 37.048356386337446
-8.756869862399014 37.07580767775541
-8.659099025184531 37.08447444275453
-8.62107703293276 37.132123937348624
-8.514253340419913 37.10902489601891
-8.43362720665803 37.08374335973964
-8.359393793215787 37.09963000875224
-8.29783437719172 37.06929806170834
-8.190620456242499 37.085187738179044
-8.105764926644753 37.06496393567781
-8.013425802607259 37.015826535010916
-7.929307692677895 36.96618260366715
-7.869558847712369 36.96184259231724
-7.788083150033202 37.009569107899466
-7.681259457518962 37.071713263808505
-7.576246336066049 37.13669335773763
-7.463172165781373 37.178590055036196
-7.398193583942003 37.16266760718062