24.141613746725312 65.81530432176658
24.15067319253197 65.8466126231358
23.94220673983955 66.15276671369696
23.720892300565623 66.20037915590208
23.60225377769308 66.42828436999221
23.832097031798924 66.54198973101873
24.00079823913765 66.80681434732361
23.535742905335127 67.23460041071405
23.70796597364594 67.2884995180222
23.774339826891463 67.43424749474656
23.435732991713735 67.45463837447647
23.483392088310183 67.85460204132542
23.67870419255155 67.95266850966922
23.37095526070607 68.04079441087802
23.291302092317864 68.15955213264434
23.154115376267356 68.13547228091167
23.079281442811777 68.29927970600292
22.417909559935993 68.46721363063173
22.34330882287881 68.44126927141875
22.349317672102387 68.4818207281871
22.042298233311044 68.47893252922404
21.881781223163728 68.58514732315066
21.717557574543548 68.59046428668034
21.62824238546881 68.6647802789376
21.42743555385124 68.6911395859679
21.394292440825865 68.76528712769962
21.321214064071427 68.7588502722829
21.026582738525065 68.89158345978913
20.910373978132753 68.89439305401007
20.787835206728317 69.03059176541137
20.556163902851296 69.05968727183298
20.060589088837446 69.04633058192476
20.320265235773462 68.92262673067555
20.34218633924101 68.78813300104218
19.94740975410528 68.55694344156385
20.254480740520194 68.490687118643
19.892381630194137 68.34544428726369
18.4091560967274 68.58274032921958
18.121965120148218 68.53284394287766
18.14477062067124 68.19334847233031
17.899377605232786 67.96855645127667
17.313795980912857 68.11809654697785
16.73877200047582 67.90999709244443
16.476891500940013 67.54352081041483
16.144516206608756 67.52042662476543
16.416444403410907 67.04986832477547
15.358954297540436 66.48980266858584
15.469735631011815 66.27595530161855
14.52299180643871 66.12146671839179
14.500790223979493 65.31345731392057
13.659209831781823 64.59920023172177
14.121979259280323 64.46123788681578
14.159392131236956 64.21001638660223
13.965826250439704 64.00198284759188
13.236873714623243 64.09320683724945
12.945382608835729 64.06019654818101
12.669409403628748 63.96950713921575
12.14519168304264 63.58883528510148
12.21023443906958 63.477036716904905
11.981714117344183 63.270122775624
12.218356511437065 63.00026229911225
12.0745613435341 62.90233319115063
12.138344636121616 62.74758682130471
12.056880951532804 62.61094134080139
12.303727906408142 62.26361646368244
12.13810903381085 61.720240319503176
12.881473923589454 61.35006865516681
12.678958658329634 61.057932975820165
12.240232833009571 61.0189303171577
12.399216047459817 60.734509008675104
12.599319482332902 60.532790677375715
12.605223722766027 60.409287246651786
12.545498440149515 60.34583610167854
12.496616235625964 60.322053680662265
12.54197795882314 60.19025084988996
12.499443728908716 60.096351900765626
12.442980576802 60.03277491660248
12.176432267347025 59.88775617512792
11.984066671366605 59.89980952158362
11.848736593117792 59.839663480783685
11.950270831559209 59.70504149710848
11.693553439708978 59.60542959086979
11.832351774032531 59.24823482581843
11.650200964508684 58.90766683222225
11.473988194416364 58.889055268681204
11.461985322923368 58.99679951421473
11.339459871285158 59.115002763593594
11.186997885014279 59.085774406507596
11.104444711391864 58.99443222566347
11.250765557323007 58.81584839810847
11.179066017041038 58.72757542660099
11.31050123620696 58.575321910364806
11.247770450224237 58.55661613403464
11.325439510047488 58.47709362105266
11.232804760513545 58.36752950291881
11.425755490011255 58.30358351697063
11.41480311438778 58.185360878577995
11.584672954446717 57.92737904585081
11.776393286136596 58.01744394522166
11.68876332444404 57.82833024146069
11.707756585078357 57.70001493002724
11.857765994319664 57.68705461486914
11.959217219441797 57.35422215012986
12.104764403056521 57.43276390784786
12.132176451097564 57.218458258705994
12.35062580444179 56.99216792403365
12.358719922987518 56.923770363999694
12.609512497137985 56.82212537040559
12.73090726509659 56.640089473717666
12.892699062747738 56.635679893671266
12.914923503272178 56.423168239744
12.651977229044405 56.47460188295929
12.602668349271312 56.41100356867466
12.860166235498951 56.225670513782916
12.476656767628754 56.304769718142495
12.821817788880622 55.88916408428767
13.068356679246108 55.68895072672731
12.905184198126136 55.58071917648414
12.965862794464556 55.39963287125522
13.3987250070426 55.33529160027837
13.71422678228194 55.44103742145876
14.19571071120464 55.36056357342841
14.389866319175809 55.54182485486004
14.187411842898086 55.72003025357921
14.329220416573207 55.93581510410033
14.551591344865045 56.04896102150377
14.73373134709729 55.990166165688265
14.782324447458649 56.02634954337009
14.652597748198076 56.1482387198449
15.801728968610718 56.15950160791755
15.72898822627053 56.1008809962604
15.855811512727342 56.078911690523455
16.055260978008135 56.26545431369237
16.241306926177202 56.629868620983245
16.382919526524375 56.66545938095379
16.443563471336518 57.00842365997508
16.58117126135025 57.06347982502703
16.458702376252717 57.1787107159621
16.563189325678934 57.37886743565559
16.706639541082893 57.4143257698172
16.70066461590244 57.51872946578743
16.721319488312787 57.7422133814502
16.507079792256263 57.88623827676405
16.769993601181312 57.87021654581426
16.818667714049838 57.99821971017832
16.75147263174587 58.045893238203476
16.827510788846496 58.160920040556704
16.85680644452495 58.190103119510326
16.75915405665208 58.26123337549299
16.93330560720483 58.24582391516802
16.871455702768344 58.30403281472644
16.92842439530216 58.32796572606617
16.860061659822776 58.36128444168813
16.87796587938712 58.411610597643715
16.707069569574827 58.39966600206978
16.42724646338695 58.478800746715564
16.445142383088154 58.48815910523987
16.573655831904517 58.45926376899121
16.708704683888982 58.425228772404495
16.858434242573537 58.44399871788903
16.868200091751447 58.47123159381448
16.9642227874412 58.48227870332215
16.681072267436036 58.61258238032232
16.573625016053768 58.62956437573405
16.539443846129473 58.617687631502776
16.456419264963444 58.63463880909589
16.41898941561149 58.582906024581774
16.35384283740325 58.630412963502636
16.324555848689755 58.60751467955208
16.20575080815138 58.61597958839721
16.261265355980044 58.66924502568051
16.422761030720707 58.66308698809357
16.601312227670405 58.64139411038329
16.921974399181295 58.606642691184305
17.032711363195574 58.633795352603244
16.959453033039665 58.67275189117373
17.17760589934818 58.653282180588235
17.07988145070567 58.69726226990886
17.120576313744692 58.74205747101186
17.291578883325514 58.715903351965665
17.689314990887937 58.9151548521931
17.695849941942015 59.038455684894586
17.6144957385128 59.0685744004694
17.682851479139913 59.12540554377597
17.73002633233571 59.06356612848239
17.770730149666747 59.113711498039834
17.811417569301682 59.09281603114684
17.74466856207499 59.03092339287403
17.778823788479997 58.88152220383688
17.855325963112847 58.791386948824794
17.93671801497368 58.81078145157423
17.98717435418243 58.92775573263532
18.156439663475425 58.978119412056486
18.224819441687913 59.02339435388589
18.468700811483103 59.15281008500369
18.297841910146076 59.248629270249666
18.3824968891453 59.267741262686854
18.533822521337385 59.211989855209964
18.72748519893628 59.29272390830542
18.76139599347539 59.383960587392096
18.593630613270506 59.36699365166149
18.457832389023395 59.43184481281435
18.42659363473777 59.40860072883439
18.474664162920703 59.3283894534508
18.382140389675016 59.36759705730955
18.25597835889647 59.354736207905745
18.109369629959332 59.3036155525634
17.985198561068387 59.31493279031562
17.871693617021435 59.271454053242906
17.80152871165336 59.256034971323345
17.625632168879207 59.28382047634611
17.56556808260339 59.25803379804654
17.378124295568455 59.32123611872916
17.37339317417903 59.24575256285442
17.202773987801237 59.24759377784781
17.309628978499006 59.34023663677013
17.037919110114643 59.36250525366583
16.85934735969917 59.476925202557936
16.118529343348797 59.42760847751134
16.052309909864704 59.48476518126094
16.535212676814382 59.51274743997459
16.51316576284404 59.62551293190219
16.72040476629371 59.532851133195095
17.227537073071858 59.53286369533831
17.42383648009627 59.448917131824345
17.412706711330486 59.59205455232052
17.718559529992973 59.4365145191976
17.796686420497878 59.54230278191221
17.57043444608098 59.64939865180696
17.625775090265535 59.716780996687305
17.49880547167305 59.73401577800095
17.637176404986974 59.787278179142504
17.699026267169643 59.7233456315775
17.64531122607528 59.643640320645176
17.86180094133556 59.5785898282395
17.773908834927482 59.39510291261948
17.930153037188745 59.3188008063718
18.003416125696134 59.33539513989308
18.09619210256443 59.32045172081857
18.135292220132925 59.34783435254667
18.06691466270658 59.38516306876056
18.123873765138626 59.44231790978958
18.189000459572526 59.38930807174438
18.32410555522111 59.38930890092226
18.359937409746635 59.44810664258597
18.55185409229003 59.54890015999658
18.682209707064374 59.5802401334812
18.76455065424736 59.67853283988069
19.073811576643493 59.71548747253746
19.0917243229014 59.76306208729031
19.007052457294776 59.78845447432326
19.08521051068007 59.84410955784551
19.0786967970987 59.88169986979173
18.90777292672152 59.94777012823417
18.82089347448556 60.10707028516276
18.4710126686291 60.16782955573507
18.62722290193858 60.23176213526057
18.110361833497393 60.43662910467461
17.98506530535471 60.615621990300866
17.673817743715205 60.52226993854006
17.64147456418513 60.64536029308948
17.237277470668744 60.68100322058868
17.37468831616485 60.7561361299862
17.144318874510077 60.96671628074094
17.257456491965627 61.00987452220858
17.1645194119495 61.0568316576001
17.23320271898382 61.31403164138521
17.08999246123804 61.41005998809149
17.236217699860077 61.43008045050965
17.101945970574917 61.64339946051274
17.28100707753879 61.715650585685154
17.486961345677855 61.59381616518769
17.51979682372459 61.72701293511574
17.42008398041824 61.74374626112879
17.345149047259127 61.92579560021693
17.508150743311575 62.1700098037534
17.65141097931746 62.23069237284233
17.470675544010902 62.27685361268658
17.442017472632898 62.32502048047411
17.369317784037918 62.333146764211875
17.3803275558013 62.39551850630659
17.448629537543525 62.35264929800894
17.547815919656927 62.35980307445786
17.475469634775322 62.46709694984517
17.344424857047017 62.47209094049251
17.352850597051997 62.49818810494415
17.50434707760985 62.515298148756386
17.560833885856653 62.44373325648621
17.741190618036086 62.39196975065988
17.66776358587535 62.49478412248217
17.850596016544586 62.493759274780444
18.087556229043457 62.6153058948851
18.18312252942323 62.79471700388689
18.416077240139202 62.86018341357067
18.602347342843757 63.16022058234074
19.045889906314613 63.19728158213377
19.314211195259276 63.44558276035622
19.50585924001669 63.428460574409655
19.451105216808685 63.55306400327038
19.659178892226578 63.438241199758636
19.7851201286646 63.474945703432326
19.834404348120387 63.577472564041926
20.07170230161563 63.67315368021039
20.564552931743947 63.71685676826681
20.980657767942944 64.14752739266251
21.641960354863244 64.44097391483328
21.12177161566433 64.70897212768088
21.58720262420715 65.16133356328183
21.36269575767716 65.35840700691213
22.063593079502198 65.43256956835722
21.91574510823159 65.52347534104149
22.41952538936559 65.5302814523894
22.342863200964985 65.74711942360798
22.388427246751718 65.8574901528064
22.691692629718318 65.77137246059036
22.675508347665698 65.89881249758284
23.116302077850065 65.71158552058594
23.245699957369595 65.75977592200752
23.18499380855269 65.83435004292434
23.427603036616404 65.77137246059036
23.734924331323725 65.81779806230469
23.91284095145889 65.77137799848015
24.141613746725312 65.81530432176658
