19.360041623192274 41.85042804160332
19.443247223072177 41.86148194833919
19.502575473273254 41.85034295966983
19.602419910508218 41.80602515691842
19.613361531555114 41.76623225743492
19.572873895453057 41.76112109241453
19.571408100588826 41.6373231458179
19.60090217406008 41.61626842059644
19.531251085828302 41.570226852501264
19.450784507824153 41.58829650674946
19.461513649689124 41.556185849782196
19.507111598571868 41.53811218459592
19.515141681064478 41.49290316187671
19.450714425788533 41.41746991095829
19.39442852286888 41.41147037807153
19.422573904164437 41.38026977651782
19.41453286259099 41.32289559001137
19.45339422206081 41.300725926659425
19.48554834047826 41.31481684229868
19.5243927693449 41.24932594091803
19.436985361131548 41.14116498856407
19.445909446423627 41.02177803382233
19.535065614438764 40.926104256817894
19.483572871461206 40.88493880265011
19.425142510911314 40.92236452335814
19.3620269074419 40.830319411818124
19.364995793128998 40.71255463526069
19.310528199981547 40.65097915105741
19.370917685333353 40.55922513527034
19.468882552643777 40.590790742249254
19.454984161828094 40.50694706926484
19.40237161567879 40.50554084961854
19.4986167067583 40.44490987920233
19.486728958793634 40.345189906580686
19.42719481080971 40.31498298117134
19.410315639043773 40.37932128999691
19.329842587816643 40.43919330848598
19.297050627378695 40.42029360080389
19.377537409498217 40.30368033377155
19.468851438847423 40.21372493193624
19.855387269487494 40.04609013084334
19.938877784333698 39.94099524413028
19.9158839420476 39.90283132515441
20.0186053462387 39.86454837364718
19.981553965449365 39.688283455352206
20.157718112862426 39.64126128001661
20.27675138026538 39.68100681419813
20.292627149102827 39.80546918474056
20.428578625602313 39.8362540078879
20.32445649484478 39.98532159588066
20.421169447267232 40.056031968429636
20.666889949455594 40.09746087429335
20.795269883724302 40.42540849911808
20.836482081654168 40.47526210337165
20.939520429327274 40.46307795333266
21.031434351571164 40.555302932915765
21.059500790164037 40.6648275120385
20.977420208947137 40.77034689463298
20.979676892066976 40.903629352851226
20.845660494195755 40.936191964786246
20.816631267560837 40.90097418340622
20.73229942253215 40.909670055794976
20.673907366160563 41.08117512158063
20.610919635808642 41.088357950362564
20.506982338008697 41.301401300799256
20.57333929304008 41.40058292571172
20.457419336327547 41.561014239892046
20.563838416392173 41.586049866897554
20.508353027287512 41.70969105698575
20.588968168781406 41.871771821596184
20.576404165391153 41.91581367390816
20.626376215432487 41.95264909870602
20.59586332073573 42.041264704012406
20.553242055127498 42.07707958269722
20.565641597518237 42.09943602812217
20.52517300019761 42.207252260459825
20.46447037194062 42.26568492051595
20.33504355077247 42.326969972443806
20.246001000879005 42.32050838582441
20.252136084187526 42.36661751326477
20.20846694668566 42.399347099178044
20.229618245226618 42.41638332911765
20.167010400803804 42.504971043058504
20.07688864226455 42.55771388748644
19.83085133216875 42.46664373965345
19.748692898635596 42.541841657941234
19.774087351037537 42.583852725837914
19.719790151287924 42.66442286278095
19.282514555631195 42.18332241165862
19.39597721111315 42.10400679600758
19.360041623192274 41.85042804160332