-6.9386665484535115 38.22203623506584
-6.785338010242327 38.17950736114659
-6.815523812642311 38.11166412021288
-6.746876591246291 38.09260227061213
-6.622250776909027 38.098405544424395
-6.58176965261427 38.052905299138416
-6.582763867525614 38.02311608959562
-6.485578362801959 38.00806214234416
-6.44184861866475 38.061199957147494
-6.362954973129206 38.04716509618203
-6.359091622238822 38.001512960296054
-6.184549715607631 37.94083195027632
-5.956743392658211 37.99578526245439
-5.9009829021157145 38.06104304125063
-5.9309021888293785 38.0879980365967
-5.869107531025463 38.16900717077854
-5.716945450686097 38.19794824606515
-5.682776466511427 38.157569007959864
-5.743926445804561 38.1296646456004
-5.732261583108766 38.07498167728866
-5.575867875012165 38.13175043082387
-5.51452504952664 38.20018856305418
-5.590043456350003 38.414956494116495
-5.166595479974319 38.67373969691752
-5.180908475996574 38.71596585194513
-5.033189837650241 38.732248001122315
-4.995923010017663 38.68534463241025
-4.87335082351504 38.68326025477816
-4.867311718551974 38.613857092920426
-4.646297228728429 38.53364353577956
-4.446597168124214 38.39840016693543
-4.275446058058236 38.34143417089007
-4.2642812435480835 38.39494919516696
-3.858168910329397 38.37509920891546
-3.800034169033836 38.42806999234878
-3.5892453044406807 38.39775282776546
-3.575773723847192 38.45072904843957
-3.4384771149361484 38.39923854754602
-3.3594056738586175 38.47945551813521
-3.145164384485952 38.43417789560604
-3.062052884211397 38.47502915238098
-3.007967409906996 38.4251111722825
-2.7663769509314307 38.52495811547794
-2.5753030413637816 38.497486606174505
-2.5751248044254 38.412934495172664
-2.488842005286159 38.39598999765272
-2.4346297369317256 38.19012779474048
-2.552792350300763 38.079616646390235
-2.3407494590860836 38.02038744388321
-2.212993290605624 38.21900582463604
-1.709556692223856 38.37754232449649
-1.6569137464803134 38.30337370609911
-1.460629256806527 38.37337254461826
-1.4486696654601872 38.6708459328153
-1.1819759446673856 38.75457876638856
-1.0202234737073752 38.66554844040354
-0.9198195235530591 38.674917181617275
-0.9238951917894553 38.792012726594805
-0.9594793434379199 38.941588841820845
-1.1440824594010621 38.93009077937981
-1.2548609668218376 39.05703119317988
-1.1574522546333128 39.31135587717566
-1.3731423605833015 39.34795474871552
-1.5267801059781902 39.44055695592306
-1.4944524608094696 39.563929132061816
-1.3700827164929876 39.68906661869059
-1.1776695227811729 39.966237358461996
-1.3680176682669298 40.01525555589541
-1.4487737520741177 40.12090353575698
-1.4337579502272035 40.197076936234055
-1.5475071536068867 40.18347567642459
-1.7685076144440757 40.392101179965636
-1.517615998676888 40.62194777216337
-1.6091503366481845 40.95122299821304
-1.9119172832002107 41.140363310260284
-2.123390679029427 41.19784943360858
-2.0457138947395492 41.08116292143666
-2.3672407326518794 41.05852359400163
-2.6031076397098616 41.22656108304818
-3.152199509134846 41.2908550725968
-3.5811879883434585 41.15844925493667
-4.10526539302316 40.77967373458671
-4.152083419131628 40.63995838441468
-4.306198155649895 40.64323480294502
-4.415054683948597 40.41141528745254
-4.607140163927454 40.19285711768123
-4.787859519530059 40.27697929872673
-4.963908015144256 40.11755063469738
-5.342712330374582 40.10150318345569
-5.357103314991008 40.26555411742041
-5.5248858725758225 40.1866981237161
-5.7916922206612185 40.35650846860523
-5.882808270249967 40.33290699396238
-5.912139508611858 40.27614689511768
-6.098403438583091 40.3486784188722
-6.061834556165422 40.393673528798615
-6.229854669627144 40.48171111860452
-6.562397839295528 40.326204527592495
-6.5557194193984 40.28532783708738
-6.783265389971234 40.23263622897264
-6.881375947032552 40.285277653285476
-7.013493346348156 40.22269618305549
-7.00252962267038 40.12292716480371
-6.857698653686867 40.02135407672313
-7.017222416232414 39.6726533346104
-7.52787591791116 39.6648752774247
-7.29252395557603 39.45684200057289
-7.310570560669987 39.342008815517914
-7.133648821642083 39.15860051277011
-6.931137727438426 39.04816544069814
-7.082176429586639 38.81877320714747
-7.266214801328431 38.707781199609855
-7.314698449671397 38.44700194087446
-7.085751429270317 38.173203992071706
-6.9386665484535115 38.22203623506584